0.000000 1.000000
0.050000 0.998434
0.100000 0.993742
0.150000 0.985942
0.200000 0.975067
0.250000 0.961158
0.300000 0.944272
0.350000 0.924475
0.400000 0.901847
0.450000 0.876476
0.500000 0.848463
0.550000 0.817919
0.600000 0.784963
0.650000 0.749725
0.700000 0.712343
0.750000 0.672963
0.800000 0.631737
0.850000 0.588824
0.900000 0.544391
0.950000 0.498607
1.000000 0.451647
1.050000 0.403689
1.100000 0.354914
1.150000 0.305504
1.200000 0.255643
1.250000 0.205514
1.300000 0.155301
1.350000 0.105186
1.400000 0.055349
1.450000 0.005967
1.500000 -0.042788
1.550000 -0.090746
1.600000 -0.137742
1.650000 -0.183621
1.700000 -0.228228
1.750000 -0.271420
1.800000 -0.313060
1.850000 -0.353017
1.900000 -0.391172
1.950000 -0.427413
2.000000 -0.461637
2.050000 -0.493750
2.100000 -0.523671
2.150000 -0.551326
2.200000 -0.576653
2.250000 -0.599599
2.300000 -0.620123
2.350000 -0.638195
2.400000 -0.653792
2.450000 -0.666907
2.500000 -0.677538
2.550000 -0.685696
2.600000 -0.691402
2.650000 -0.694685
2.700000 -0.695585
2.750000 -0.694149
2.800000 -0.690437
2.850000 -0.684511
2.900000 -0.676446
2.950000 -0.666322
3.000000 -0.654226
3.050000 -0.640251
3.100000 -0.624497
3.150000 -0.607068
3.200000 -0.588072
3.250000 -0.567623
3.300000 -0.545837
3.350000 -0.522832
3.400000 -0.498731
3.450000 -0.473657
3.500000 -0.447732
3.550000 -0.421081
3.600000 -0.393829
3.650000 -0.366100
3.700000 -0.338014
3.750000 -0.309693
3.800000 -0.281254
3.850000 -0.252814
3.900000 -0.224483
3.950000 -0.196371
4.000000 -0.168581
4.050000 -0.141215
4.100000 -0.114366
4.150000 -0.088124
4.200000 -0.062576
4.250000 -0.037798
4.300000 -0.013865
4.350000 0.009156
4.400000 0.031204
4.450000 0.052224
4.500000 0.072169
4.550000 0.090995
4.600000 0.108666
4.650000 0.125154
4.700000 0.140435
4.750000 0.154492
4.800000 0.167313
4.850000 0.178895
4.900000 0.189237
4.950000 0.198346
5.000000 0.206233
5.050000 0.212915
5.100000 0.218413
5.150000 0.222755
5.200000 0.225969
5.250000 0.228090
5.300000 0.229157
5.350000 0.229210
5.400000 0.228295
5.450000 0.226459
5.500000 0.223750
5.550000 0.220222
5.600000 0.215926
5.650000 0.210919
5.700000 0.205255
5.750000 0.198992
5.800000 0.192186
5.850000 0.184894
5.900000 0.177174
5.950000 0.169082
6.000000 0.160674
6.050000 0.152005
6.100000 0.143129
6.150000 0.134097
6.200000 0.124961
6.250000 0.115769
6.300000 0.106569
6.350000 0.097405
6.400000 0.088319
6.450000 0.079352
6.500000 0.070541
6.550000 0.061921
6.600000 0.053524
6.650000 0.045380
6.700000 0.037515
6.750000 0.029955
6.800000 0.022719
6.850000 0.015827
6.900000 0.009295
6.950000 0.003135
7.000000 -0.002641
7.050000 -0.008027
7.100000 -0.013015
7.150000 -0.017604
7.200000 -0.021791
7.250000 -0.025580
7.300000 -0.028972
7.350000 -0.031973
7.400000 -0.034591
7.450000 -0.036834
7.500000 -0.038713
7.550000 -0.040239
7.600000 -0.041425
7.650000 -0.042287
7.700000 -0.042838
7.750000 -0.043096
7.800000 -0.043076
7.850000 -0.042797
7.900000 -0.042276
7.950000 -0.041531
8.000000 -0.040581
8.050000 -0.039445
8.100000 -0.038141
8.150000 -0.036687
8.200000 -0.035102
8.250000 -0.033403
8.300000 -0.031609
8.350000 -0.029735
8.400000 -0.027798
8.450000 -0.025815
8.500000 -0.023799
8.550000 -0.021767
8.600000 -0.019730
8.650000 -0.017703
8.700000 -0.015697
8.750000 -0.013723
8.800000 -0.011791
8.850000 -0.009910
8.900000 -0.008090
8.950000 -0.006337
9.000000 -0.004658
9.050000 -0.003059
9.100000 -0.001544
9.150000 -0.000118
9.200000 0.001216
9.250000 0.002455
9.300000 0.003599
9.350000 0.004646
9.400000 0.005595
9.450000 0.006448
9.500000 0.007205
9.550000 0.007868
9.600000 0.008439
9.650000 0.008920
9.700000 0.009314
9.750000 0.009625
9.800000 0.009856
9.850000 0.010011
9.900000 0.010094
9.950000 0.010110
10.000000 0.010063
10.050000 0.009958
10.100000 0.009800
10.150000 0.009592
10.200000 0.009341
10.250000 0.009051
10.300000 0.008726
10.350000 0.008371
10.400000 0.007991
10.450000 0.007589
10.500000 0.007171
10.550000 0.006739
10.600000 0.006299
10.650000 0.005853
10.700000 0.005406
10.750000 0.004959
10.800000 0.004517
10.850000 0.004082
10.900000 0.003656
10.950000 0.003241
11.000000 0.002841
11.050000 0.002456
11.100000 0.002087
11.150000 0.001737
11.200000 0.001407
11.250000 0.001096
11.300000 0.000806
11.350000 0.000538
11.400000 0.000292
11.450000 0.000067
11.500000 -0.000137
11.550000 -0.000319
11.600000 -0.000479
11.650000 -0.000620
11.700000 -0.000740
11.750000 -0.000841
11.800000 -0.000923
11.850000 -0.000988
11.900000 -0.001036
11.950000 -0.001069
12.000000 -0.001086
12.050000 -0.001091
12.100000 -0.001082
12.150000 -0.001063
12.200000 -0.001033
12.250000 -0.000993
12.300000 -0.000946
12.350000 -0.000891
12.400000 -0.000831
12.450000 -0.000765
12.500000 -0.000696
12.550000 -0.000623
12.600000 -0.000548
12.650000 -0.000471
12.700000 -0.000394
12.750000 -0.000317
12.800000 -0.000241
12.850000 -0.000165
12.900000 -0.000092
12.950000 -0.000021
13.000000 0.000047
13.050000 0.000113
13.100000 0.000174
13.150000 0.000233
13.200000 0.000287
13.250000 0.000337
13.300000 0.000383
13.350000 0.000424
13.400000 0.000462
13.450000 0.000495
13.500000 0.000524
13.550000 0.000548
13.600000 0.000569
13.650000 0.000586
13.700000 0.000598
13.750000 0.000608
13.800000 0.000613
13.850000 0.000616
13.900000 0.000615
13.950000 0.000612
14.000000 0.000606
14.050000 0.000598
14.100000 0.000588
14.150000 0.000576
14.200000 0.000562
14.250000 0.000547
14.300000 0.000530
14.350000 0.000513
14.400000 0.000495
14.450000 0.000476
14.500000 0.000457
14.550000 0.000437
14.600000 0.000418
14.650000 0.000398
14.700000 0.000379
14.750000 0.000360
14.800000 0.000342
14.850000 0.000324
14.900000 0.000307
14.950000 0.000290
15.000000 0.000274
15.050000 0.000259
15.100000 0.000245
15.150000 0.000232
15.200000 0.000220
15.250000 0.000208
15.300000 0.000198
15.350000 0.000188
15.400000 0.000179
15.450000 0.000172
15.500000 0.000165
15.550000 0.000158
15.600000 0.000153
15.650000 0.000148
15.700000 0.000144
15.750000 0.000141
15.800000 0.000138
15.850000 0.000136
15.900000 0.000134
15.950000 0.000133
16.000000 0.000132
16.050000 0.000132
16.100000 0.000132
16.150000 0.000132
16.200000 0.000133
16.250000 0.000133
16.300000 0.000134
16.350000 0.000135
16.400000 0.000136
16.450000 0.000136
16.500000 0.000137
16.550000 0.000138
16.600000 0.000139
16.650000 0.000140
16.700000 0.000141
16.750000 0.000142
16.800000 0.000142
16.850000 0.000143
16.900000 0.000143
16.950000 0.000143
17.000000 0.000143
17.050000 0.000143
17.100000 0.000143
17.150000 0.000143
17.200000 0.000142
17.250000 0.000141
17.300000 0.000141
17.350000 0.000140
17.400000 0.000139
17.450000 0.000138
17.500000 0.000137
17.550000 0.000135
17.600000 0.000134
17.650000 0.000132
17.700000 0.000131
17.750000 0.000129
17.800000 0.000128
17.850000 0.000126
17.900000 0.000124
17.950000 0.000122
18.000000 0.000121
18.050000 0.000119
18.100000 0.000117
18.150000 0.000115
18.200000 0.000114
18.250000 0.000112
18.300000 0.000110
18.350000 0.000109
18.400000 0.000107
18.450000 0.000105
18.500000 0.000104
18.550000 0.000102
18.600000 0.000101
18.650000 0.000099
18.700000 0.000098
18.750000 0.000097
18.800000 0.000095
18.850000 0.000094
18.900000 0.000093
18.950000 0.000092
19.000000 0.000091
19.050000 0.000090
19.100000 0.000088
19.150000 0.000087
19.200000 0.000086
19.250000 0.000086
19.300000 0.000085
19.350000 0.000084
19.400000 0.000083
19.450000 0.000082
19.500000 0.000081
19.550000 0.000080
19.600000 0.000080
19.650000 0.000079
19.700000 0.000078
19.750000 0.000078
19.800000 0.000077
19.850000 0.000076
19.900000 0.000075
19.950000 0.000075
20.000000 0.000074
20.050000 0.000073
20.100000 0.000073
20.150000 0.000072
20.200000 0.000072
20.250000 0.000071
20.300000 0.000070
20.350000 0.000070
20.400000 0.000069
20.450000 0.000068
20.500000 0.000068
20.550000 0.000067
20.600000 0.000067
20.650000 0.000066
20.700000 0.000065
20.750000 0.000065
20.800000 0.000064
20.850000 0.000064
20.900000 0.000063
20.950000 0.000062
21.000000 0.000062
21.050000 0.000061
21.100000 0.000061
21.150000 0.000060
21.200000 0.000060
21.250000 0.000059
21.300000 0.000058
21.350000 0.000058
21.400000 0.000057
21.450000 0.000057
21.500000 0.000056
21.550000 0.000056
21.600000 0.000055
21.650000 0.000055
21.700000 0.000054
21.750000 0.000054
21.800000 0.000053
21.850000 0.000053
21.900000 0.000052
21.950000 0.000052
22.000000 0.000051
22.050000 0.000051
22.100000 0.000050
22.150000 0.000050
22.200000 0.000049
22.250000 0.000049
22.300000 0.000048
22.350000 0.000048
22.400000 0.000048
22.450000 0.000047
22.500000 0.000047
22.550000 0.000046
22.600000 0.000046
22.650000 0.000045
22.700000 0.000045
22.750000 0.000045
22.800000 0.000044
22.850000 0.000044
22.900000 0.000044
22.950000 0.000043
23.000000 0.000043
23.050000 0.000042
23.100000 0.000042
23.150000 0.000042
23.200000 0.000041
23.250000 0.000041
23.300000 0.000041
23.350000 0.000040
23.400000 0.000040
23.450000 0.000040
23.500000 0.000039
23.550000 0.000039
23.600000 0.000039
23.650000 0.000038
23.700000 0.000038
23.750000 0.000038
23.800000 0.000037
23.850000 0.000037
23.900000 0.000037
23.950000 0.000036
24.000000 0.000036
24.050000 0.000036
24.100000 0.000036
24.150000 0.000035
24.200000 0.000035
24.250000 0.000035
24.300000 0.000034
24.350000 0.000034
24.400000 0.000034
24.450000 0.000034
24.500000 0.000033
24.550000 0.000033
24.600000 0.000033
24.650000 0.000032
24.700000 0.000032
24.750000 0.000032
24.800000 0.000032
24.850000 0.000031
24.900000 0.000031
24.950000 0.000031
25.000000 0.000031
25.050000 0.000030
25.100000 0.000030
25.150000 0.000030
25.200000 0.000030
25.250000 0.000029
25.300000 0.000029
25.350000 0.000029
25.400000 0.000029
25.450000 0.000029
25.500000 0.000028
25.550000 0.000028
25.600000 0.000028
25.650000 0.000028
25.700000 0.000027
25.750000 0.000027
25.800000 0.000027
25.850000 0.000027
25.900000 0.000027
25.950000 0.000026
26.000000 0.000026
26.050000 0.000026
26.100000 0.000026
26.150000 0.000026
26.200000 0.000025
26.250000 0.000025
26.300000 0.000025
26.350000 0.000025
26.400000 0.000025
26.450000 0.000024
26.500000 0.000024
26.550000 0.000024
26.600000 0.000024
26.650000 0.000024
26.700000 0.000024
26.750000 0.000023
26.800000 0.000023
26.850000 0.000023
26.900000 0.000023
26.950000 0.000023
27.000000 0.000023
27.050000 0.000022
27.100000 0.000022
27.150000 0.000022
27.200000 0.000022
27.250000 0.000022
27.300000 0.000022
27.350000 0.000021
27.400000 0.000021
27.450000 0.000021
27.500000 0.000021
27.550000 0.000021
27.600000 0.000021
27.650000 0.000021
27.700000 0.000020
27.750000 0.000020
27.800000 0.000020
27.850000 0.000020
27.900000 0.000020
27.950000 0.000020
28.000000 0.000020
28.050000 0.000019
28.100000 0.000019
28.150000 0.000019
28.200000 0.000019
28.250000 0.000019
28.300000 0.000019
28.350000 0.000019
28.400000 0.000018
28.450000 0.000018
28.500000 0.000018
28.550000 0.000018
28.600000 0.000018
28.650000 0.000018
28.700000 0.000018
28.750000 0.000018
28.800000 0.000017
28.850000 0.000017
28.900000 0.000017
28.950000 0.000017
29.000000 0.000017
29.050000 0.000017
29.100000 0.000017
29.150000 0.000017
29.200000 0.000016
29.250000 0.000016
29.300000 0.000016
29.350000 0.000016
29.400000 0.000016
29.450000 0.000016
29.500000 0.000016
29.550000 0.000016
29.600000 0.000016
29.650000 0.000016
29.700000 0.000015
29.750000 0.000015
29.800000 0.000015
29.850000 0.000015
29.900000 0.000015
29.950000 0.000015
30.000000 0.000015
30.050000 0.000015
30.100000 0.000015
30.150000 0.000015
30.200000 0.000014
30.250000 0.000014
30.300000 0.000014
30.350000 0.000014
30.400000 0.000014
30.450000 0.000014
30.500000 0.000014
30.550000 0.000014
30.600000 0.000014
30.650000 0.000014
30.700000 0.000014
30.750000 0.000013
30.800000 0.000013
30.850000 0.000013
30.900000 0.000013
30.950000 0.000013
31.000000 0.000013
31.050000 0.000013
31.100000 0.000013
31.150000 0.000013
31.200000 0.000013
31.250000 0.000013
31.300000 0.000012
31.350000 0.000012
31.400000 0.000012
31.450000 0.000012
31.500000 0.000012
31.550000 0.000012
31.600000 0.000012
31.650000 0.000012
31.700000 0.000012
31.750000 0.000012
31.800000 0.000012
31.850000 0.000012
31.900000 0.000012
31.950000 0.000012
32.000000 0.000011
32.050000 0.000011
32.100000 0.000011
32.150000 0.000011
32.200000 0.000011
32.250000 0.000011
32.300000 0.000011
32.350000 0.000011
32.400000 0.000011
32.450000 0.000011
32.500000 0.000011
32.550000 0.000011
32.600000 0.000011
32.650000 0.000011
32.700000 0.000010
32.750000 0.000010
32.800000 0.000010
32.850000 0.000010
32.900000 0.000010
32.950000 0.000010
33.000000 0.000010
33.050000 0.000010
33.100000 0.000010
33.150000 0.000010
33.200000 0.000010
33.250000 0.000010
33.300000 0.000010
33.350000 0.000010
33.400000 0.000010
33.450000 0.000010
33.500000 0.000010
33.550000 0.000009
33.600000 0.000009
33.650000 0.000009
33.700000 0.000009
33.750000 0.000009
33.800000 0.000009
33.850000 0.000009
33.900000 0.000009
33.950000 0.000009
34.000000 0.000009
34.050000 0.000009
34.100000 0.000009
34.150000 0.000009
34.200000 0.000009
34.250000 0.000009
34.300000 0.000009
34.350000 0.000009
34.400000 0.000009
34.450000 0.000009
34.500000 0.000008
34.550000 0.000008
34.600000 0.000008
34.650000 0.000008
34.700000 0.000008
34.750000 0.000008
34.800000 0.000008
34.850000 0.000008
34.900000 0.000008
34.950000 0.000008
35.000000 0.000008
35.050000 0.000008
35.100000 0.000008
35.150000 0.000008
35.200000 0.000008
35.250000 0.000008
35.300000 0.000008
35.350000 0.000008
35.400000 0.000008
35.450000 0.000008
35.500000 0.000008
35.550000 0.000008
35.600000 0.000007
35.650000 0.000007
35.700000 0.000007
35.750000 0.000007
35.800000 0.000007
35.850000 0.000007
35.900000 0.000007
35.950000 0.000007
36.000000 0.000007
36.050000 0.000007
36.100000 0.000007
36.150000 0.000007
36.200000 0.000007
36.250000 0.000007
36.300000 0.000007
36.350000 0.000007
36.400000 0.000007
36.450000 0.000007
36.500000 0.000007
36.550000 0.000007
36.600000 0.000007
36.650000 0.000007
36.700000 0.000007
36.750000 0.000007
36.800000 0.000007
36.850000 0.000007
36.900000 0.000006
36.950000 0.000006
37.000000 0.000006
37.050000 0.000006
37.100000 0.000006
37.150000 0.000006
37.200000 0.000006
37.250000 0.000006
37.300000 0.000006
37.350000 0.000006
37.400000 0.000006
37.450000 0.000006
37.500000 0.000006
37.550000 0.000006
37.600000 0.000006
37.650000 0.000006
37.700000 0.000006
37.750000 0.000006
37.800000 0.000006
37.850000 0.000006
37.900000 0.000006
37.950000 0.000006
38.000000 0.000006
38.050000 0.000006
38.100000 0.000006
38.150000 0.000006
38.200000 0.000006
38.250000 0.000006
38.300000 0.000006
38.350000 0.000006
38.400000 0.000006
38.450000 0.000005
38.500000 0.000005
38.550000 0.000005
38.600000 0.000005
38.650000 0.000005
38.700000 0.000005
38.750000 0.000005
38.800000 0.000005
38.850000 0.000005
38.900000 0.000005
38.950000 0.000005
39.000000 0.000005
39.050000 0.000005
39.100000 0.000005
39.150000 0.000005
39.200000 0.000005
39.250000 0.000005
39.300000 0.000005
39.350000 0.000005
39.400000 0.000005
39.450000 0.000005
39.500000 0.000005
39.550000 0.000005
39.600000 0.000005
39.650000 0.000005
39.700000 0.000005
39.750000 0.000005
39.800000 0.000005
39.850000 0.000005
39.900000 0.000005
39.950000 0.000005
40.000000 0.000005
