-50.000000 0.049828
-49.950000 0.049537
-49.900000 0.049234
-49.850000 0.048920
-49.800000 0.048595
-49.750000 0.048258
-49.700000 0.047909
-49.650000 0.047549
-49.600000 0.047176
-49.550000 0.046792
-49.500000 0.046396
-49.450000 0.045988
-49.400000 0.045568
-49.350000 0.045136
-49.300000 0.044692
-49.250000 0.044235
-49.200000 0.043766
-49.150000 0.043285
-49.100000 0.042791
-49.050000 0.042284
-49.000000 0.041765
-48.950000 0.041234
-48.900000 0.040689
-48.850000 0.040132
-48.800000 0.039563
-48.750000 0.038980
-48.700000 0.038385
-48.650000 0.037777
-48.600000 0.037156
-48.550000 0.036522
-48.500000 0.035875
-48.450000 0.035215
-48.400000 0.034543
-48.350000 0.033857
-48.300000 0.033158
-48.250000 0.032447
-48.200000 0.031722
-48.150000 0.030984
-48.100000 0.030234
-48.050000 0.029470
-48.000000 0.028694
-47.950000 0.027904
-47.900000 0.027101
-47.850000 0.026286
-47.800000 0.025457
-47.750000 0.024616
-47.700000 0.023762
-47.650000 0.022895
-47.600000 0.022015
-47.550000 0.021122
-47.500000 0.020217
-47.450000 0.019299
-47.400000 0.018368
-47.350000 0.017425
-47.300000 0.016470
-47.250000 0.015502
-47.200000 0.014522
-47.150000 0.013529
-47.100000 0.012525
-47.050000 0.011508
-47.000000 0.010479
-46.950000 0.009439
-46.900000 0.008387
-46.850000 0.007323
-46.800000 0.006247
-46.750000 0.005160
-46.700000 0.004062
-46.650000 0.002953
-46.600000 0.001833
-46.550000 0.000702
-46.500000 -0.000440
-46.450000 -0.001592
-46.400000 -0.002755
-46.350000 -0.003928
-46.300000 -0.005111
-46.250000 -0.006304
-46.200000 -0.007507
-46.150000 -0.008719
-46.100000 -0.009940
-46.050000 -0.011171
-46.000000 -0.012410
-45.950000 -0.013658
-45.900000 -0.014915
-45.850000 -0.016179
-45.800000 -0.017452
-45.750000 -0.018732
-45.700000 -0.020020
-45.650000 -0.021315
-45.600000 -0.022617
-45.550000 -0.023926
-45.500000 -0.025241
-45.450000 -0.026562
-45.400000 -0.027889
-45.350000 -0.029222
-45.300000 -0.030559
-45.250000 -0.031902
-45.200000 -0.033249
-45.150000 -0.034601
-45.100000 -0.035956
-45.050000 -0.037315
-45.000000 -0.038677
-44.950000 -0.040042
-44.900000 -0.041409
-44.850000 -0.042778
-44.800000 -0.044150
-44.750000 -0.045522
-44.700000 -0.046895
-44.650000 -0.048269
-44.600000 -0.049643
-44.550000 -0.051017
-44.500000 -0.052390
-44.450000 -0.053762
-44.400000 -0.055132
-44.350000 -0.056500
-44.300000 -0.057866
-44.250000 -0.059229
-44.200000 -0.060588
-44.150000 -0.061943
-44.100000 -0.063294
-44.050000 -0.064640
-44.000000 -0.065981
-43.950000 -0.067315
-43.900000 -0.068644
-43.850000 -0.069965
-43.800000 -0.071278
-43.750000 -0.072584
-43.700000 -0.073881
-43.650000 -0.075169
-43.600000 -0.076447
-43.550000 -0.077715
-43.500000 -0.078972
-43.450000 -0.080218
-43.400000 -0.081452
-43.350000 -0.082673
-43.300000 -0.083881
-43.250000 -0.085076
-43.200000 -0.086255
-43.150000 -0.087420
-43.100000 -0.088570
-43.050000 -0.089703
-43.000000 -0.090819
-42.950000 -0.091918
-42.900000 -0.092998
-42.850000 -0.094060
-42.800000 -0.095102
-42.750000 -0.096124
-42.700000 -0.097126
-42.650000 -0.098106
-42.600000 -0.099064
-42.550000 -0.099999
-42.500000 -0.100910
-42.450000 -0.101798
-42.400000 -0.102660
-42.350000 -0.103498
-42.300000 -0.104309
-42.250000 -0.105093
-42.200000 -0.105850
-42.150000 -0.106578
-42.100000 -0.107278
-42.050000 -0.107948
-42.000000 -0.108588
-41.950000 -0.109196
-41.900000 -0.109773
-41.850000 -0.110318
-41.800000 -0.110829
-41.750000 -0.111307
-41.700000 -0.111750
-41.650000 -0.112159
-41.600000 -0.112531
-41.550000 -0.112867
-41.500000 -0.113165
-41.450000 -0.113426
-41.400000 -0.113648
-41.350000 -0.113831
-41.300000 -0.113974
-41.250000 -0.114077
-41.200000 -0.114138
-41.150000 -0.114158
-41.100000 -0.114135
-41.050000 -0.114069
-41.000000 -0.113958
-40.950000 -0.113805
-40.900000 -0.113607
-40.850000 -0.113362
-40.800000 -0.113072
-40.750000 -0.112735
-40.700000 -0.112350
-40.650000 -0.111918
-40.600000 -0.111437
-40.550000 -0.110908
-40.500000 -0.110329
-40.450000 -0.109700
-40.400000 -0.109021
-40.350000 -0.108291
-40.300000 -0.107509
-40.250000 -0.106676
-40.200000 -0.105791
-40.150000 -0.104853
-40.100000 -0.103863
-40.050000 -0.102819
-40.000000 -0.101721
-39.950000 -0.100569
-39.900000 -0.099363
-39.850000 -0.098103
-39.800000 -0.096788
-39.750000 -0.095417
-39.700000 -0.093992
-39.650000 -0.092511
-39.600000 -0.090974
-39.550000 -0.089382
-39.500000 -0.087734
-39.450000 -0.086029
-39.400000 -0.084269
-39.350000 -0.082453
-39.300000 -0.080581
-39.250000 -0.078653
-39.200000 -0.076669
-39.150000 -0.074629
-39.100000 -0.072534
-39.050000 -0.070383
-39.000000 -0.068177
-38.950000 -0.065916
-38.900000 -0.063600
-38.850000 -0.061230
-38.800000 -0.058806
-38.750000 -0.056328
-38.700000 -0.053797
-38.650000 -0.051213
-38.600000 -0.048577
-38.550000 -0.045889
-38.500000 -0.043151
-38.450000 -0.040361
-38.400000 -0.037522
-38.350000 -0.034634
-38.300000 -0.031697
-38.250000 -0.028713
-38.200000 -0.025683
-38.150000 -0.022606
-38.100000 -0.019485
-38.050000 -0.016320
-38.000000 -0.013113
-37.950000 -0.009863
-37.900000 -0.006574
-37.850000 -0.003245
-37.800000 0.000122
-37.750000 0.003526
-37.700000 0.006965
-37.650000 0.010438
-37.600000 0.013944
-37.550000 0.017481
-37.500000 0.021047
-37.450000 0.024641
-37.400000 0.028261
-37.350000 0.031906
-37.300000 0.035574
-37.250000 0.039262
-37.200000 0.042970
-37.150000 0.046695
-37.100000 0.050435
-37.050000 0.054188
-37.000000 0.057952
-36.950000 0.061726
-36.900000 0.065506
-36.850000 0.069290
-36.800000 0.073077
-36.750000 0.076864
-36.700000 0.080648
-36.650000 0.084427
-36.600000 0.088199
-36.550000 0.091961
-36.500000 0.095710
-36.450000 0.099444
-36.400000 0.103161
-36.350000 0.106857
-36.300000 0.110529
-36.250000 0.114175
-36.200000 0.117793
-36.150000 0.121378
-36.100000 0.124929
-36.050000 0.128441
-36.000000 0.131913
-35.950000 0.135341
-35.900000 0.138722
-35.850000 0.142053
-35.800000 0.145331
-35.750000 0.148552
-35.700000 0.151714
-35.650000 0.154813
-35.600000 0.157846
-35.550000 0.160809
-35.500000 0.163700
-35.450000 0.166515
-35.400000 0.169251
-35.350000 0.171904
-35.300000 0.174471
-35.250000 0.176949
-35.200000 0.179334
-35.150000 0.181623
-35.100000 0.183813
-35.050000 0.185901
-35.000000 0.187882
-34.950000 0.189754
-34.900000 0.191514
-34.850000 0.193158
-34.800000 0.194682
-34.750000 0.196085
-34.700000 0.197362
-34.650000 0.198510
-34.600000 0.199527
-34.550000 0.200408
-34.500000 0.201152
-34.450000 0.201755
-34.400000 0.202215
-34.350000 0.202528
-34.300000 0.202691
-34.250000 0.202702
-34.200000 0.202559
-34.150000 0.202258
-34.100000 0.201798
-34.050000 0.201175
-34.000000 0.200389
-33.950000 0.199435
-33.900000 0.198313
-33.850000 0.197020
-33.800000 0.195554
-33.750000 0.193915
-33.700000 0.192099
-33.650000 0.190106
-33.600000 0.187934
-33.550000 0.185583
-33.500000 0.183050
-33.450000 0.180335
-33.400000 0.177438
-33.350000 0.174358
-33.300000 0.171093
-33.250000 0.167645
-33.200000 0.164013
-33.150000 0.160197
-33.100000 0.156198
-33.050000 0.152016
-33.000000 0.147651
-32.950000 0.143105
-32.900000 0.138379
-32.850000 0.133473
-32.800000 0.128391
-32.750000 0.123133
-32.700000 0.117701
-32.650000 0.112098
-32.600000 0.106326
-32.550000 0.100388
-32.500000 0.094286
-32.450000 0.088025
-32.400000 0.081608
-32.350000 0.075037
-32.300000 0.068318
-32.250000 0.061455
-32.200000 0.054451
-32.150000 0.047313
-32.100000 0.040044
-32.050000 0.032650
-32.000000 0.025137
-31.950000 0.017511
-31.900000 0.009778
-31.850000 0.001944
-31.800000 -0.005985
-31.750000 -0.014000
-31.700000 -0.022096
-31.650000 -0.030263
-31.600000 -0.038496
-31.550000 -0.046785
-31.500000 -0.055122
-31.450000 -0.063499
-31.400000 -0.071907
-31.350000 -0.080337
-31.300000 -0.088779
-31.250000 -0.097225
-31.200000 -0.105663
-31.150000 -0.114085
-31.100000 -0.122479
-31.050000 -0.130836
-31.000000 -0.139145
-30.950000 -0.147394
-30.900000 -0.155573
-30.850000 -0.163671
-30.800000 -0.171676
-30.750000 -0.179576
-30.700000 -0.187361
-30.650000 -0.195017
-30.600000 -0.202533
-30.550000 -0.209897
-30.500000 -0.217097
-30.450000 -0.224121
-30.400000 -0.230956
-30.350000 -0.237590
-30.300000 -0.244010
-30.250000 -0.250205
-30.200000 -0.256162
-30.150000 -0.261868
-30.100000 -0.267312
-30.050000 -0.272481
-30.000000 -0.277364
-29.950000 -0.281947
-29.900000 -0.286220
-29.850000 -0.290171
-29.800000 -0.293788
-29.750000 -0.297060
-29.700000 -0.299977
-29.650000 -0.302527
-29.600000 -0.304700
-29.550000 -0.306486
-29.500000 -0.307876
-29.450000 -0.308859
-29.400000 -0.309428
-29.350000 -0.309572
-29.300000 -0.309286
-29.250000 -0.308560
-29.200000 -0.307388
-29.150000 -0.305763
-29.100000 -0.303680
-29.050000 -0.301133
-29.000000 -0.298117
-28.950000 -0.294629
-28.900000 -0.290665
-28.850000 -0.286222
-28.800000 -0.281299
-28.750000 -0.275895
-28.700000 -0.270009
-28.650000 -0.263643
-28.600000 -0.256796
-28.550000 -0.249473
-28.500000 -0.241675
-28.450000 -0.233408
-28.400000 -0.224676
-28.350000 -0.215485
-28.300000 -0.205843
-28.250000 -0.195756
-28.200000 -0.185236
-28.150000 -0.174291
-28.100000 -0.162933
-28.050000 -0.151174
-28.000000 -0.139027
-27.950000 -0.126507
-27.900000 -0.113630
-27.850000 -0.100411
-27.800000 -0.086869
-27.750000 -0.073022
-27.700000 -0.058890
-27.650000 -0.044494
-27.600000 -0.029856
-27.550000 -0.014998
-27.500000 0.000054
-27.450000 0.015276
-27.400000 0.030643
-27.350000 0.046126
-27.300000 0.061698
-27.250000 0.077330
-27.200000 0.092993
-27.150000 0.108655
-27.100000 0.124286
-27.050000 0.139853
-27.000000 0.155324
-26.950000 0.170665
-26.900000 0.185843
-26.850000 0.200822
-26.800000 0.215568
-26.750000 0.230045
-26.700000 0.244218
-26.650000 0.260244
-26.600000 0.271508
-26.550000 0.284554
-26.500000 0.297151
-26.450000 0.309264
-26.400000 0.320858
-26.350000 0.331897
-26.300000 0.342346
-26.250000 0.352170
-26.200000 0.361337
-26.150000 0.369812
-26.100000 0.377564
-26.050000 0.384562
-26.000000 0.390774
-25.950000 0.396173
-25.900000 0.400731
-25.850000 0.404421
-25.800000 0.407219
-25.750000 0.409102
-25.700000 0.410048
-25.650000 0.410039
-25.600000 0.409057
-25.550000 0.407087
-25.500000 0.404116
-25.450000 0.400135
-25.400000 0.395134
-25.350000 0.389109
-25.300000 0.382057
-25.250000 0.373978
-25.200000 0.364875
-25.150000 0.354754
-25.100000 0.343624
-25.050000 0.331498
-25.000000 0.318391
-24.950000 0.304321
-24.900000 0.289311
-24.850000 0.273385
-24.800000 0.256573
-24.750000 0.238906
-24.700000 0.220420
-24.650000 0.201154
-24.600000 0.181150
-24.550000 0.160453
-24.500000 0.139113
-24.450000 0.117181
-24.400000 0.094713
-24.350000 0.071768
-24.300000 0.048406
-24.250000 0.024693
-24.200000 0.000695
-24.150000 -0.023518
-24.100000 -0.047874
-24.050000 -0.072297
-24.000000 -0.096713
-23.950000 -0.121041
-23.900000 -0.145202
-23.850000 -0.169115
-23.800000 -0.192697
-23.750000 -0.215863
-23.700000 -0.238531
-23.650000 -0.260615
-23.600000 -0.282030
-23.550000 -0.302694
-23.500000 -0.322521
-23.450000 -0.341430
-23.400000 -0.359340
-23.350000 -0.376171
-23.300000 -0.391846
-23.250000 -0.406290
-23.200000 -0.419432
-23.150000 -0.431202
-23.100000 -0.441537
-23.050000 -0.450374
-23.000000 -0.457658
-22.950000 -0.463337
-22.900000 -0.467365
-22.850000 -0.469701
-22.800000 -0.470310
-22.750000 -0.469163
-22.700000 -0.466239
-22.650000 -0.461522
-22.600000 -0.455004
-22.550000 -0.446685
-22.500000 -0.436572
-22.450000 -0.424680
-22.400000 -0.411033
-22.350000 -0.395662
-22.300000 -0.378606
-22.250000 -0.359915
-22.200000 -0.339644
-22.150000 -0.317859
-22.100000 -0.294633
-22.050000 -0.270048
-22.000000 -0.244194
-21.950000 -0.217170
-21.900000 -0.189080
-21.850000 -0.160038
-21.800000 -0.130164
-21.750000 -0.099585
-21.700000 -0.068433
-21.650000 -0.036849
-21.600000 -0.004974
-21.550000 0.027041
-21.500000 0.059045
-21.450000 0.090881
-21.400000 0.122393
-21.350000 0.153421
-21.300000 0.183804
-21.250000 0.213381
-21.200000 0.241994
-21.150000 0.269484
-21.100000 0.295698
-21.050000 0.320485
-21.000000 0.343698
-20.950000 0.365197
-20.900000 0.384850
-20.850000 0.402530
-20.800000 0.418122
-20.750000 0.431517
-20.700000 0.442620
-20.650000 0.451347
-20.600000 0.457625
-20.550000 0.461394
-20.500000 0.462610
-20.450000 0.461243
-20.400000 0.457278
-20.350000 0.450714
-20.300000 0.441569
-20.250000 0.429875
-20.200000 0.415684
-20.150000 0.399061
-20.100000 0.380091
-20.050000 0.358873
-20.000000 0.335524
-19.950000 0.310177
-19.900000 0.282980
-19.850000 0.254096
-19.800000 0.223701
-19.750000 0.191987
-19.700000 0.159155
-19.650000 0.125418
-19.600000 0.090999
-19.550000 0.056128
-19.500000 0.021043
-19.450000 -0.014014
-19.400000 -0.048798
-19.350000 -0.083062
-19.300000 -0.116561
-19.250000 -0.149050
-19.200000 -0.180291
-19.150000 -0.210050
-19.100000 -0.238105
-19.050000 -0.264242
-19.000000 -0.288259
-18.950000 -0.309971
-18.900000 -0.329208
-18.850000 -0.345816
-18.800000 -0.359665
-18.750000 -0.370644
-18.700000 -0.378664
-18.650000 -0.383660
-18.600000 -0.385594
-18.550000 -0.384453
-18.500000 -0.380247
-18.450000 -0.373018
-18.400000 -0.362830
-18.350000 -0.349778
-18.300000 -0.333979
-18.250000 -0.315578
-18.200000 -0.294744
-18.150000 -0.271669
-18.100000 -0.246568
-18.050000 -0.219675
-18.000000 -0.191241
-17.950000 -0.161536
-17.900000 -0.130840
-17.850000 -0.099446
-17.800000 -0.067653
-17.750000 -0.035765
-17.700000 -0.004090
-17.650000 0.027069
-17.600000 0.057411
-17.550000 0.086643
-17.500000 0.114486
-17.450000 0.140672
-17.400000 0.164953
-17.350000 0.187100
-17.300000 0.206908
-17.250000 0.224197
-17.200000 0.238815
-17.150000 0.250639
-17.100000 0.259580
-17.050000 0.265579
-17.000000 0.268612
-16.950000 0.268688
-16.900000 0.265851
-16.850000 0.260178
-16.800000 0.251780
-16.750000 0.240797
-16.700000 0.227403
-16.650000 0.211795
-16.600000 0.194199
-16.550000 0.174862
-16.500000 0.154050
-16.450000 0.132046
-16.400000 0.109142
-16.350000 0.085641
-16.300000 0.061850
-16.250000 0.038074
-16.200000 0.014616
-16.150000 -0.008233
-16.100000 -0.030191
-16.050000 -0.050993
-16.000000 -0.070395
-15.950000 -0.088177
-15.900000 -0.104143
-15.850000 -0.118128
-15.800000 -0.129997
-15.750000 -0.139648
-15.700000 -0.147014
-15.650000 -0.152060
-15.600000 -0.154789
-15.550000 -0.155235
-15.500000 -0.153469
-15.450000 -0.149590
-15.400000 -0.143730
-15.350000 -0.136043
-15.300000 -0.126714
-15.250000 -0.115942
-15.200000 -0.103949
-15.150000 -0.090965
-15.100000 -0.077232
-15.050000 -0.062997
-15.000000 -0.048505
-14.950000 -0.034001
-14.900000 -0.019718
-14.850000 -0.005881
-14.800000 0.007303
-14.750000 0.019644
-14.700000 0.030973
-14.650000 0.041147
-14.600000 0.050046
-14.550000 0.057581
-14.500000 0.063687
-14.450000 0.068330
-14.400000 0.071503
-14.350000 0.073227
-14.300000 0.073548
-14.250000 0.072536
-14.200000 0.070284
-14.150000 0.066905
-14.100000 0.062525
-14.050000 0.057286
-14.000000 0.051338
-13.950000 0.044839
-13.900000 0.037949
-13.850000 0.030826
-13.800000 0.023626
-13.750000 0.016498
-13.700000 0.009579
-13.650000 0.002996
-13.600000 -0.003139
-13.550000 -0.008730
-13.500000 -0.013700
-13.450000 -0.017988
-13.400000 -0.021552
-13.350000 -0.024370
-13.300000 -0.026436
-13.250000 -0.027761
-13.200000 -0.028375
-13.150000 -0.028318
-13.100000 -0.027645
-13.050000 -0.026420
-13.000000 -0.024717
-12.950000 -0.022612
-12.900000 -0.020190
-12.850000 -0.017532
-12.800000 -0.014722
-12.750000 -0.011840
-12.700000 -0.008961
-12.650000 -0.006153
-12.600000 -0.003479
-12.550000 -0.000993
-12.500000 0.001264
-12.450000 0.003254
-12.400000 0.004955
-12.350000 0.006352
-12.300000 0.007438
-12.250000 0.008217
-12.200000 0.008699
-12.150000 0.008903
-12.100000 0.008851
-12.050000 0.008573
-12.000000 0.008100
-11.950000 0.007465
-11.900000 0.006704
-11.850000 0.005851
-11.800000 0.004941
-11.750000 0.004005
-11.700000 0.003073
-11.650000 0.002171
-11.600000 0.001321
-11.550000 0.000542
-11.500000 -0.000152
-11.450000 -0.000752
-11.400000 -0.001250
-11.350000 -0.001645
-11.300000 -0.001939
-11.250000 -0.002134
-11.200000 -0.002237
-11.150000 -0.002258
-11.100000 -0.002207
-11.050000 -0.002095
-11.000000 -0.001933
-10.950000 -0.001734
-10.900000 -0.001508
-10.850000 -0.001268
-10.800000 -0.001023
-10.750000 -0.000781
-10.700000 -0.000551
-10.650000 -0.000337
-10.600000 -0.000146
-10.550000 0.000021
-10.500000 0.000160
-10.450000 0.000272
-10.400000 0.000356
-10.350000 0.000414
-10.300000 0.000449
-10.250000 0.000461
-10.200000 0.000456
-10.150000 0.000435
-10.100000 0.000402
-10.050000 0.000360
-10.000000 0.000312
-9.950000 0.000261
-9.900000 0.000209
-9.850000 0.000159
-9.800000 0.000112
-9.750000 0.000069
-9.700000 0.000031
-9.650000 -0.000001
-9.600000 -0.000027
-9.550000 -0.000047
-9.500000 -0.000061
-9.450000 -0.000071
-9.400000 -0.000075
-9.350000 -0.000076
-9.300000 -0.000074
-9.250000 -0.000069
-9.200000 -0.000062
-9.150000 -0.000054
-9.100000 -0.000045
-9.050000 -0.000036
-9.000000 -0.000028
-8.950000 -0.000020
-8.900000 -0.000013
-8.850000 -0.000007
-8.800000 -0.000002
-8.750000 0.000002
-8.700000 0.000006
-8.650000 0.000008
-8.600000 0.000009
-8.550000 0.000010
-8.500000 0.000010
-8.450000 0.000009
-8.400000 0.000008
-8.350000 0.000007
-8.300000 0.000006
-8.250000 0.000005
-8.200000 0.000004
-8.150000 0.000003
-8.100000 0.000002
-8.050000 0.000001
-8.000000 0.000000
-7.950000 -0.000000
-7.900000 -0.000001
-7.850000 -0.000001
-7.800000 -0.000001
-7.750000 -0.000001
-7.700000 -0.000001
-7.650000 -0.000001
-7.600000 -0.000001
-7.550000 -0.000001
-7.500000 -0.000001
-7.450000 -0.000001
-7.400000 -0.000001
-7.350000 -0.000001
-7.300000 -0.000000
-7.250000 -0.000000
-7.200000 -0.000000
-7.150000 -0.000000
-7.100000 -0.000000
-7.050000 -0.000000
-7.000000 -0.000000
-6.950000 -0.000000
-6.900000 -0.000000
-6.850000 -0.000000
-6.800000 -0.000000
-6.750000 -0.000000
-6.700000 -0.000000
-6.650000 -0.000000
-6.600000 -0.000000
-6.550000 -0.000000
-6.500000 -0.000000
-6.450000 -0.000000
-6.400000 -0.000000
-6.350000 -0.000000
-6.300000 -0.000000
-6.250000 -0.000000
-6.200000 -0.000000
-6.150000 -0.000000
-6.100000 -0.000000
-6.050000 -0.000000
-6.000000 -0.000000
-5.950000 -0.000000
-5.900000 -0.000000
-5.850000 -0.000000
-5.800000 -0.000000
-5.750000 -0.000000
-5.700000 -0.000000
-5.650000 -0.000000
-5.600000 -0.000000
-5.550000 -0.000000
-5.500000 -0.000000
-5.450000 -0.000000
-5.400000 -0.000000
-5.350000 -0.000000
-5.300000 -0.000000
-5.250000 -0.000000
-5.200000 -0.000000
-5.150000 -0.000000
-5.100000 -0.000000
-5.050000 -0.000000
-5.000000 -0.000000
-4.950000 -0.000000
-4.900000 -0.000000
-4.850000 -0.000000
-4.800000 -0.000000
-4.750000 -0.000000
-4.700000 -0.000000
-4.650000 -0.000000
-4.600000 -0.000000
-4.550000 -0.000000
-4.500000 -0.000000
-4.450000 -0.000000
-4.400000 -0.000000
-4.350000 -0.000000
-4.300000 -0.000000
-4.250000 -0.000000
-4.200000 -0.000000
-4.150000 -0.000000
-4.100000 -0.000000
-4.050000 -0.000000
-4.000000 -0.000000
-3.950000 -0.000000
-3.900000 -0.000000
-3.850000 -0.000000
-3.800000 -0.000000
-3.750000 -0.000000
-3.700000 -0.000000
-3.650000 -0.000000
-3.600000 -0.000000
-3.550000 -0.000000
-3.500000 -0.000000
-3.450000 -0.000000
-3.400000 -0.000000
-3.350000 -0.000000
-3.300000 -0.000000
-3.250000 -0.000000
-3.200000 -0.000000
-3.150000 -0.000000
-3.100000 -0.000000
-3.050000 -0.000000
-3.000000 -0.000000
-2.950000 -0.000000
-2.900000 -0.000000
-2.850000 -0.000000
-2.800000 -0.000000
-2.750000 -0.000000
-2.700000 -0.000000
-2.650000 -0.000000
-2.600000 -0.000000
-2.550000 -0.000000
-2.500000 -0.000000
-2.450000 -0.000000
-2.400000 -0.000000
-2.350000 -0.000000
-2.300000 -0.000000
-2.250000 -0.000000
-2.200000 -0.000000
-2.150000 -0.000000
-2.100000 -0.000000
-2.050000 -0.000000
-2.000000 -0.000000
-1.950000 -0.000000
-1.900000 -0.000000
-1.850000 -0.000000
-1.800000 -0.000000
-1.750000 -0.000000
-1.700000 -0.000000
-1.650000 -0.000000
-1.600000 -0.000000
-1.550000 -0.000000
-1.500000 -0.000000
-1.450000 -0.000000
-1.400000 -0.000000
-1.350000 -0.000000
-1.300000 -0.000000
-1.250000 -0.000000
-1.200000 -0.000000
-1.150000 -0.000000
-1.100000 -0.000000
-1.050000 -0.000000
-1.000000 -0.000000
-0.950000 -0.000000
-0.900000 -0.000000
-0.850000 -0.000000
-0.800000 -0.000000
-0.750000 -0.000000
-0.700000 -0.000000
-0.650000 -0.000000
-0.600000 -0.000000
-0.550000 -0.000000
-0.500000 -0.000000
-0.450000 -0.000000
-0.400000 -0.000000
-0.350000 -0.000000
-0.300000 -0.000000
-0.250000 -0.000000
-0.200000 -0.000000
-0.150000 -0.000000
-0.100000 -0.000000
-0.050000 -0.000000
-0.000000 -0.000000
0.050000 0.000000
0.100000 0.000000
0.150000 0.000000
0.200000 0.000000
0.250000 0.000000
0.300000 0.000000
0.350000 0.000000
0.400000 0.000000
0.450000 0.000000
0.500000 0.000000
0.550000 0.000000
0.600000 0.000000
0.650000 0.000000
0.700000 0.000000
0.750000 0.000000
0.800000 0.000000
0.850000 0.000000
0.900000 0.000000
0.950000 0.000000
1.000000 0.000000
1.050000 0.000000
1.100000 0.000000
1.150000 0.000000
1.200000 0.000000
1.250000 0.000000
1.300000 0.000000
1.350000 0.000000
1.400000 0.000000
1.450000 0.000000
1.500000 0.000000
1.550000 0.000000
1.600000 0.000000
1.650000 0.000000
1.700000 0.000000
1.750000 0.000000
1.800000 0.000000
1.850000 0.000000
1.900000 0.000000
1.950000 0.000000
2.000000 0.000000
2.050000 0.000000
2.100000 0.000000
2.150000 0.000000
2.200000 0.000000
2.250000 0.000000
2.300000 0.000000
2.350000 0.000000
2.400000 0.000000
2.450000 0.000000
2.500000 0.000000
2.550000 0.000000
2.600000 0.000000
2.650000 0.000000
2.700000 0.000000
2.750000 0.000000
2.800000 0.000000
2.850000 0.000000
2.900000 0.000000
2.950000 0.000000
3.000000 0.000000
3.050000 0.000000
3.100000 0.000000
3.150000 0.000000
3.200000 0.000000
3.250000 0.000000
3.300000 0.000000
3.350000 0.000000
3.400000 0.000000
3.450000 0.000000
3.500000 0.000000
3.550000 0.000000
3.600000 0.000000
3.650000 0.000000
3.700000 0.000000
3.750000 0.000000
3.800000 0.000000
3.850000 0.000000
3.900000 0.000000
3.950000 0.000000
4.000000 0.000000
4.050000 0.000000
4.100000 0.000000
4.150000 0.000000
4.200000 0.000000
4.250000 0.000000
4.300000 0.000000
4.350000 0.000000
4.400000 0.000000
4.450000 0.000000
4.500000 0.000000
4.550000 0.000000
4.600000 0.000000
4.650000 0.000000
4.700000 0.000000
4.750000 0.000000
4.800000 0.000000
4.850000 0.000000
4.900000 0.000000
4.950000 0.000000
5.000000 0.000000
5.050000 0.000000
5.100000 0.000000
5.150000 0.000000
5.200000 0.000000
5.250000 0.000000
5.300000 0.000000
5.350000 0.000000
5.400000 0.000000
5.450000 0.000000
5.500000 0.000000
5.550000 0.000000
5.600000 0.000000
5.650000 0.000000
5.700000 0.000000
5.750000 0.000000
5.800000 0.000000
5.850000 0.000000
5.900000 0.000000
5.950000 0.000000
6.000000 0.000000
6.050000 0.000000
6.100000 0.000000
6.150000 0.000000
6.200000 0.000000
6.250000 0.000000
6.300000 0.000000
6.350000 0.000000
6.400000 0.000000
6.450000 0.000000
6.500000 0.000000
6.550000 0.000000
6.600000 0.000000
6.650000 0.000000
6.700000 0.000000
6.750000 0.000000
6.800000 0.000000
6.850000 0.000000
6.900000 0.000000
6.950000 0.000000
7.000000 0.000000
7.050000 0.000000
7.100000 0.000000
7.150000 0.000000
7.200000 0.000000
7.250000 0.000000
7.300000 0.000000
7.350000 0.000001
7.400000 0.000001
7.450000 0.000001
7.500000 0.000001
7.550000 0.000001
7.600000 0.000001
7.650000 0.000001
7.700000 0.000001
7.750000 0.000001
7.800000 0.000001
7.850000 0.000001
7.900000 0.000001
7.950000 0.000000
8.000000 -0.000000
8.050000 -0.000001
8.100000 -0.000002
8.150000 -0.000003
8.200000 -0.000004
8.250000 -0.000005
8.300000 -0.000006
8.350000 -0.000007
8.400000 -0.000008
8.450000 -0.000009
8.500000 -0.000010
8.550000 -0.000010
8.600000 -0.000009
8.650000 -0.000008
8.700000 -0.000006
8.750000 -0.000002
8.800000 0.000002
8.850000 0.000007
8.900000 0.000013
8.950000 0.000020
9.000000 0.000028
9.050000 0.000036
9.100000 0.000045
9.150000 0.000054
9.200000 0.000062
9.250000 0.000069
9.300000 0.000074
9.350000 0.000076
9.400000 0.000075
9.450000 0.000071
9.500000 0.000061
9.550000 0.000047
9.600000 0.000027
9.650000 0.000001
9.700000 -0.000031
9.750000 -0.000069
9.800000 -0.000112
9.850000 -0.000159
9.900000 -0.000209
9.950000 -0.000261
10.000000 -0.000312
10.050000 -0.000360
10.100000 -0.000402
10.150000 -0.000435
10.200000 -0.000456
10.250000 -0.000461
10.300000 -0.000449
10.350000 -0.000414
10.400000 -0.000356
10.450000 -0.000272
10.500000 -0.000160
10.550000 -0.000021
10.600000 0.000146
10.650000 0.000337
10.700000 0.000551
10.750000 0.000781
10.800000 0.001023
10.850000 0.001268
10.900000 0.001508
10.950000 0.001734
11.000000 0.001933
11.050000 0.002095
11.100000 0.002207
11.150000 0.002258
11.200000 0.002237
11.250000 0.002134
11.300000 0.001939
11.350000 0.001645
11.400000 0.001250
11.450000 0.000752
11.500000 0.000152
11.550000 -0.000542
11.600000 -0.001321
11.650000 -0.002171
11.700000 -0.003073
11.750000 -0.004005
11.800000 -0.004941
11.850000 -0.005851
11.900000 -0.006704
11.950000 -0.007465
12.000000 -0.008100
12.050000 -0.008573
12.100000 -0.008851
12.150000 -0.008903
12.200000 -0.008699
12.250000 -0.008217
12.300000 -0.007438
12.350000 -0.006352
12.400000 -0.004955
12.450000 -0.003254
12.500000 -0.001264
12.550000 0.000993
12.600000 0.003479
12.650000 0.006153
12.700000 0.008961
12.750000 0.011840
12.800000 0.014722
12.850000 0.017532
12.900000 0.020190
12.950000 0.022612
13.000000 0.024717
13.050000 0.026420
13.100000 0.027645
13.150000 0.028318
13.200000 0.028375
13.250000 0.027761
13.300000 0.026436
13.350000 0.024370
13.400000 0.021552
13.450000 0.017988
13.500000 0.013700
13.550000 0.008730
13.600000 0.003139
13.650000 -0.002996
13.700000 -0.009579
13.750000 -0.016498
13.800000 -0.023626
13.850000 -0.030826
13.900000 -0.037949
13.950000 -0.044839
14.000000 -0.051338
14.050000 -0.057286
14.100000 -0.062525
14.150000 -0.066905
14.200000 -0.070284
14.250000 -0.072536
14.300000 -0.073548
14.350000 -0.073227
14.400000 -0.071503
14.450000 -0.068330
14.500000 -0.063687
14.550000 -0.057581
14.600000 -0.050046
14.650000 -0.041147
14.700000 -0.030973
14.750000 -0.019644
14.800000 -0.007303
14.850000 0.005881
14.900000 0.019718
14.950000 0.034001
15.000000 0.048505
15.050000 0.062997
15.100000 0.077232
15.150000 0.090965
15.200000 0.103949
15.250000 0.115942
15.300000 0.126714
15.350000 0.136043
15.400000 0.143730
15.450000 0.149590
15.500000 0.153469
15.550000 0.155235
15.600000 0.154789
15.650000 0.152060
15.700000 0.147014
15.750000 0.139648
15.800000 0.129997
15.850000 0.118128
15.900000 0.104143
15.950000 0.088177
16.000000 0.070395
16.050000 0.050993
16.100000 0.030191
16.150000 0.008233
16.200000 -0.014616
16.250000 -0.038074
16.300000 -0.061850
16.350000 -0.085641
16.400000 -0.109142
16.450000 -0.132046
16.500000 -0.154050
16.550000 -0.174862
16.600000 -0.194199
16.650000 -0.211795
16.700000 -0.227403
16.750000 -0.240797
16.800000 -0.251780
16.850000 -0.260178
16.900000 -0.265851
16.950000 -0.268688
17.000000 -0.268612
17.050000 -0.265579
17.100000 -0.259580
17.150000 -0.250639
17.200000 -0.238815
17.250000 -0.224197
17.300000 -0.206908
17.350000 -0.187100
17.400000 -0.164953
17.450000 -0.140672
17.500000 -0.114486
17.550000 -0.086643
17.600000 -0.057411
17.650000 -0.027069
17.700000 0.004090
17.750000 0.035765
17.800000 0.067653
17.850000 0.099446
17.900000 0.130840
17.950000 0.161536
18.000000 0.191241
18.050000 0.219675
18.100000 0.246568
18.150000 0.271669
18.200000 0.294744
18.250000 0.315578
18.300000 0.333979
18.350000 0.349778
18.400000 0.362830
18.450000 0.373018
18.500000 0.380247
18.550000 0.384453
18.600000 0.385594
18.650000 0.383660
18.700000 0.378664
18.750000 0.370644
18.800000 0.359665
18.850000 0.345816
18.900000 0.329208
18.950000 0.309971
19.000000 0.288259
19.050000 0.264242
19.100000 0.238105
19.150000 0.210050
19.200000 0.180291
19.250000 0.149050
19.300000 0.116561
19.350000 0.083062
19.400000 0.048798
19.450000 0.014014
19.500000 -0.021043
19.550000 -0.056128
19.600000 -0.090999
19.650000 -0.125418
19.700000 -0.159155
19.750000 -0.191987
19.800000 -0.223701
19.850000 -0.254096
19.900000 -0.282980
19.950000 -0.310177
20.000000 -0.335524
20.050000 -0.358873
20.100000 -0.380091
20.150000 -0.399061
20.200000 -0.415684
20.250000 -0.429875
20.300000 -0.441569
20.350000 -0.450714
20.400000 -0.457278
20.450000 -0.461243
20.500000 -0.462610
20.550000 -0.461394
20.600000 -0.457625
20.650000 -0.451347
20.700000 -0.442620
20.750000 -0.431517
20.800000 -0.418122
20.850000 -0.402530
20.900000 -0.384850
20.950000 -0.365197
21.000000 -0.343698
21.050000 -0.320485
21.100000 -0.295698
21.150000 -0.269484
21.200000 -0.241994
21.250000 -0.213381
21.300000 -0.183804
21.350000 -0.153421
21.400000 -0.122393
21.450000 -0.090881
21.500000 -0.059045
21.550000 -0.027041
21.600000 0.004974
21.650000 0.036849
21.700000 0.068433
21.750000 0.099585
21.800000 0.130164
21.850000 0.160038
21.900000 0.189080
21.950000 0.217170
22.000000 0.244194
22.050000 0.270048
22.100000 0.294633
22.150000 0.317859
22.200000 0.339644
22.250000 0.359915
22.300000 0.378606
22.350000 0.395662
22.400000 0.411033
22.450000 0.424680
22.500000 0.436572
22.550000 0.446685
22.600000 0.455004
22.650000 0.461522
22.700000 0.466239
22.750000 0.469163
22.800000 0.470310
22.850000 0.469701
22.900000 0.467365
22.950000 0.463337
23.000000 0.457658
23.050000 0.450374
23.100000 0.441537
23.150000 0.431202
23.200000 0.419432
23.250000 0.406290
23.300000 0.391846
23.350000 0.376171
23.400000 0.359340
23.450000 0.341430
23.500000 0.322521
23.550000 0.302694
23.600000 0.282030
23.650000 0.260615
23.700000 0.238531
23.750000 0.215863
23.800000 0.192697
23.850000 0.169115
23.900000 0.145202
23.950000 0.121041
24.000000 0.096713
24.050000 0.072297
24.100000 0.047874
24.150000 0.023518
24.200000 -0.000695
24.250000 -0.024693
24.300000 -0.048406
24.350000 -0.071768
24.400000 -0.094713
24.450000 -0.117181
24.500000 -0.139113
24.550000 -0.160453
24.600000 -0.181150
24.650000 -0.201154
24.700000 -0.220420
24.750000 -0.238906
24.800000 -0.256573
24.850000 -0.273385
24.900000 -0.289311
24.950000 -0.304321
25.000000 -0.318391
25.050000 -0.331498
25.100000 -0.343624
25.150000 -0.354754
25.200000 -0.364875
25.250000 -0.373978
25.300000 -0.382057
25.350000 -0.389109
25.400000 -0.395134
25.450000 -0.400135
25.500000 -0.404116
25.550000 -0.407087
25.600000 -0.409057
25.650000 -0.410039
25.700000 -0.410048
25.750000 -0.409102
25.800000 -0.407219
25.850000 -0.404421
25.900000 -0.400731
25.950000 -0.396173
26.000000 -0.390774
26.050000 -0.384562
26.100000 -0.377564
26.150000 -0.369812
26.200000 -0.361337
26.250000 -0.352170
26.300000 -0.342346
26.350000 -0.331897
26.400000 -0.320858
26.450000 -0.309264
26.500000 -0.297151
26.550000 -0.284554
26.600000 -0.271508
26.650000 -0.260244
26.700000 -0.244218
26.750000 -0.230045
26.800000 -0.215568
26.850000 -0.200822
26.900000 -0.185843
26.950000 -0.170665
27.000000 -0.155324
27.050000 -0.139853
27.100000 -0.124286
27.150000 -0.108655
27.200000 -0.092993
27.250000 -0.077330
27.300000 -0.061698
27.350000 -0.046126
27.400000 -0.030643
27.450000 -0.015276
27.500000 -0.000054
27.550000 0.014998
27.600000 0.029856
27.650000 0.044494
27.700000 0.058890
27.750000 0.073022
27.800000 0.086869
27.850000 0.100411
27.900000 0.113630
27.950000 0.126507
28.000000 0.139027
28.050000 0.151174
28.100000 0.162933
28.150000 0.174291
28.200000 0.185236
28.250000 0.195756
28.300000 0.205843
28.350000 0.215485
28.400000 0.224676
28.450000 0.233408
28.500000 0.241675
28.550000 0.249473
28.600000 0.256796
28.650000 0.263643
28.700000 0.270009
28.750000 0.275895
28.800000 0.281299
28.850000 0.286222
28.900000 0.290665
28.950000 0.294629
29.000000 0.298117
29.050000 0.301133
29.100000 0.303680
29.150000 0.305763
29.200000 0.307388
29.250000 0.308560
29.300000 0.309286
29.350000 0.309572
29.400000 0.309428
29.450000 0.308859
29.500000 0.307876
29.550000 0.306486
29.600000 0.304700
29.650000 0.302527
29.700000 0.299977
29.750000 0.297060
29.800000 0.293788
29.850000 0.290171
29.900000 0.286220
29.950000 0.281947
30.000000 0.277364
30.050000 0.272481
30.100000 0.267312
30.150000 0.261868
30.200000 0.256162
30.250000 0.250205
30.300000 0.244010
30.350000 0.237590
30.400000 0.230956
30.450000 0.224121
30.500000 0.217097
30.550000 0.209897
30.600000 0.202533
30.650000 0.195017
30.700000 0.187361
30.750000 0.179576
30.800000 0.171676
30.850000 0.163671
30.900000 0.155573
30.950000 0.147394
31.000000 0.139145
31.050000 0.130836
31.100000 0.122479
31.150000 0.114085
31.200000 0.105663
31.250000 0.097225
31.300000 0.088779
31.350000 0.080337
31.400000 0.071907
31.450000 0.063499
31.500000 0.055122
31.550000 0.046785
31.600000 0.038496
31.650000 0.030263
31.700000 0.022096
31.750000 0.014000
31.800000 0.005985
31.850000 -0.001944
31.900000 -0.009778
31.950000 -0.017511
32.000000 -0.025137
32.050000 -0.032650
32.100000 -0.040044
32.150000 -0.047313
32.200000 -0.054451
32.250000 -0.061455
32.300000 -0.068318
32.350000 -0.075037
32.400000 -0.081608
32.450000 -0.088025
32.500000 -0.094286
32.550000 -0.100388
32.600000 -0.106326
32.650000 -0.112098
32.700000 -0.117701
32.750000 -0.123133
32.800000 -0.128391
32.850000 -0.133473
32.900000 -0.138379
32.950000 -0.143105
33.000000 -0.147651
33.050000 -0.152016
33.100000 -0.156198
33.150000 -0.160197
33.200000 -0.164013
33.250000 -0.167645
33.300000 -0.171093
33.350000 -0.174358
33.400000 -0.177438
33.450000 -0.180335
33.500000 -0.183050
33.550000 -0.185583
33.600000 -0.187934
33.650000 -0.190106
33.700000 -0.192099
33.750000 -0.193915
33.800000 -0.195554
33.850000 -0.197020
33.900000 -0.198313
33.950000 -0.199435
34.000000 -0.200389
34.050000 -0.201175
34.100000 -0.201798
34.150000 -0.202258
34.200000 -0.202559
34.250000 -0.202702
34.300000 -0.202691
34.350000 -0.202528
34.400000 -0.202215
34.450000 -0.201755
34.500000 -0.201152
34.550000 -0.200408
34.600000 -0.199527
34.650000 -0.198510
34.700000 -0.197362
34.750000 -0.196085
34.800000 -0.194682
34.850000 -0.193158
34.900000 -0.191514
34.950000 -0.189754
35.000000 -0.187882
35.050000 -0.185901
35.100000 -0.183813
35.150000 -0.181623
35.200000 -0.179334
35.250000 -0.176949
35.300000 -0.174471
35.350000 -0.171904
35.400000 -0.169251
35.450000 -0.166515
35.500000 -0.163700
35.550000 -0.160809
35.600000 -0.157846
35.650000 -0.154813
35.700000 -0.151714
35.750000 -0.148552
35.800000 -0.145331
35.850000 -0.142053
35.900000 -0.138722
35.950000 -0.135341
36.000000 -0.131913
36.050000 -0.128441
36.100000 -0.124929
36.150000 -0.121378
36.200000 -0.117793
36.250000 -0.114175
36.300000 -0.110529
36.350000 -0.106857
36.400000 -0.103161
36.450000 -0.099444
36.500000 -0.095710
36.550000 -0.091961
36.600000 -0.088199
36.650000 -0.084427
36.700000 -0.080648
36.750000 -0.076864
36.800000 -0.073077
36.850000 -0.069290
36.900000 -0.065506
36.950000 -0.061726
37.000000 -0.057952
37.050000 -0.054188
37.100000 -0.050435
37.150000 -0.046695
37.200000 -0.042970
37.250000 -0.039262
37.300000 -0.035574
37.350000 -0.031906
37.400000 -0.028261
37.450000 -0.024641
37.500000 -0.021047
37.550000 -0.017481
37.600000 -0.013944
37.650000 -0.010438
37.700000 -0.006965
37.750000 -0.003526
37.800000 -0.000122
37.850000 0.003245
37.900000 0.006574
37.950000 0.009863
38.000000 0.013113
38.050000 0.016320
38.100000 0.019485
38.150000 0.022606
38.200000 0.025683
38.250000 0.028713
38.300000 0.031697
38.350000 0.034634
38.400000 0.037522
38.450000 0.040361
38.500000 0.043151
38.550000 0.045889
38.600000 0.048577
38.650000 0.051213
38.700000 0.053797
38.750000 0.056328
38.800000 0.058806
38.850000 0.061230
38.900000 0.063600
38.950000 0.065916
39.000000 0.068177
39.050000 0.070383
39.100000 0.072534
39.150000 0.074629
39.200000 0.076669
39.250000 0.078653
39.300000 0.080581
39.350000 0.082453
39.400000 0.084269
39.450000 0.086029
39.500000 0.087734
39.550000 0.089382
39.600000 0.090974
39.650000 0.092511
39.700000 0.093992
39.750000 0.095417
39.800000 0.096788
39.850000 0.098103
39.900000 0.099363
39.950000 0.100569
40.000000 0.101721
40.050000 0.102819
40.100000 0.103863
40.150000 0.104853
40.200000 0.105791
40.250000 0.106676
40.300000 0.107509
40.350000 0.108291
40.400000 0.109021
40.450000 0.109700
40.500000 0.110329
40.550000 0.110908
40.600000 0.111437
40.650000 0.111918
40.700000 0.112350
40.750000 0.112735
40.800000 0.113072
40.850000 0.113362
40.900000 0.113607
40.950000 0.113805
41.000000 0.113958
41.050000 0.114069
41.100000 0.114135
41.150000 0.114158
41.200000 0.114138
41.250000 0.114077
41.300000 0.113974
41.350000 0.113831
41.400000 0.113648
41.450000 0.113426
41.500000 0.113165
41.550000 0.112867
41.600000 0.112531
41.650000 0.112159
41.700000 0.111750
41.750000 0.111307
41.800000 0.110829
41.850000 0.110318
41.900000 0.109773
41.950000 0.109196
42.000000 0.108588
42.050000 0.107948
42.100000 0.107278
42.150000 0.106578
42.200000 0.105850
42.250000 0.105093
42.300000 0.104309
42.350000 0.103498
42.400000 0.102660
42.450000 0.101798
42.500000 0.100910
42.550000 0.099999
42.600000 0.099064
42.650000 0.098106
42.700000 0.097126
42.750000 0.096124
42.800000 0.095102
42.850000 0.094060
42.900000 0.092998
42.950000 0.091918
43.000000 0.090819
43.050000 0.089703
43.100000 0.088570
43.150000 0.087420
43.200000 0.086255
43.250000 0.085076
43.300000 0.083881
43.350000 0.082673
43.400000 0.081452
43.450000 0.080218
43.500000 0.078972
43.550000 0.077715
43.600000 0.076447
43.650000 0.075169
43.700000 0.073881
43.750000 0.072584
43.800000 0.071278
43.850000 0.069965
43.900000 0.068644
43.950000 0.067315
44.000000 0.065981
44.050000 0.064640
44.100000 0.063294
44.150000 0.061943
44.200000 0.060588
44.250000 0.059229
44.300000 0.057866
44.350000 0.056500
44.400000 0.055132
44.450000 0.053762
44.500000 0.052390
44.550000 0.051017
44.600000 0.049643
44.650000 0.048269
44.700000 0.046895
44.750000 0.045522
44.800000 0.044150
44.850000 0.042778
44.900000 0.041409
44.950000 0.040042
45.000000 0.038677
45.050000 0.037315
45.100000 0.035956
45.150000 0.034601
45.200000 0.033249
45.250000 0.031902
45.300000 0.030559
45.350000 0.029222
45.400000 0.027889
45.450000 0.026562
45.500000 0.025241
45.550000 0.023926
45.600000 0.022617
45.650000 0.021315
45.700000 0.020020
45.750000 0.018732
45.800000 0.017452
45.850000 0.016179
45.900000 0.014915
45.950000 0.013658
46.000000 0.012410
46.050000 0.011171
46.100000 0.009940
46.150000 0.008719
46.200000 0.007507
46.250000 0.006304
46.300000 0.005111
46.350000 0.003928
46.400000 0.002755
46.450000 0.001592
46.500000 0.000440
46.550000 -0.000702
46.600000 -0.001833
46.650000 -0.002953
46.700000 -0.004062
46.750000 -0.005160
46.800000 -0.006247
46.850000 -0.007323
46.900000 -0.008387
46.950000 -0.009439
47.000000 -0.010479
47.050000 -0.011508
47.100000 -0.012525
47.150000 -0.013529
47.200000 -0.014522
47.250000 -0.015502
47.300000 -0.016470
47.350000 -0.017425
47.400000 -0.018368
47.450000 -0.019299
47.500000 -0.020217
47.550000 -0.021122
47.600000 -0.022015
47.650000 -0.022895
47.700000 -0.023762
47.750000 -0.024616
47.800000 -0.025457
47.850000 -0.026286
47.900000 -0.027101
47.950000 -0.027904
48.000000 -0.028694
48.050000 -0.029470
48.100000 -0.030234
48.150000 -0.030984
48.200000 -0.031722
48.250000 -0.032447
48.300000 -0.033158
48.350000 -0.033857
48.400000 -0.034543
48.450000 -0.035215
48.500000 -0.035875
48.550000 -0.036522
48.600000 -0.037156
48.650000 -0.037777
48.700000 -0.038385
48.750000 -0.038980
48.800000 -0.039563
48.850000 -0.040132
48.900000 -0.040689
48.950000 -0.041234
49.000000 -0.041765
49.050000 -0.042284
49.100000 -0.042791
49.150000 -0.043285
49.200000 -0.043766
49.250000 -0.044235
49.300000 -0.044692
49.350000 -0.045136
49.400000 -0.045568
49.450000 -0.045988
49.500000 -0.046396
49.550000 -0.046792
49.600000 -0.047176
49.650000 -0.047549
49.700000 -0.047909
49.750000 -0.048258
49.800000 -0.048595
49.850000 -0.048920
49.900000 -0.049234
49.950000 -0.049537
50.000000 -0.049828
