-10.000000 0.041529
-9.950000 0.042060
-9.900000 0.042598
-9.850000 0.043145
-9.800000 0.043700
-9.750000 0.044263
-9.700000 0.044834
-9.650000 0.045414
-9.600000 0.046003
-9.550000 0.046600
-9.500000 0.047206
-9.450000 0.047821
-9.400000 0.048444
-9.350000 0.049077
-9.300000 0.049719
-9.250000 0.050371
-9.200000 0.051031
-9.150000 0.051701
-9.100000 0.052380
-9.050000 0.053069
-9.000000 0.053767
-8.950000 0.054475
-8.900000 0.055192
-8.850000 0.055919
-8.800000 0.056656
-8.750000 0.057402
-8.700000 0.058157
-8.650000 0.058922
-8.600000 0.059697
-8.550000 0.060481
-8.500000 0.061274
-8.450000 0.062077
-8.400000 0.062888
-8.350000 0.063709
-8.300000 0.064538
-8.250000 0.065376
-8.200000 0.066222
-8.150000 0.067075
-8.100000 0.067937
-8.050000 0.068805
-8.000000 0.069681
-7.950000 0.070562
-7.900000 0.071450
-7.850000 0.072343
-7.800000 0.073240
-7.750000 0.074141
-7.700000 0.075045
-7.650000 0.075952
-7.600000 0.076859
-7.550000 0.077767
-7.500000 0.078673
-7.450000 0.079578
-7.400000 0.080478
-7.350000 0.081373
-7.300000 0.082261
-7.250000 0.083140
-7.200000 0.084008
-7.150000 0.084863
-7.100000 0.085702
-7.050000 0.086522
-7.000000 0.087322
-6.950000 0.088097
-6.900000 0.088844
-6.850000 0.089560
-6.800000 0.090240
-6.750000 0.090880
-6.700000 0.091474
-6.650000 0.092019
-6.600000 0.092507
-6.550000 0.092933
-6.500000 0.093290
-6.450000 0.093571
-6.400000 0.093768
-6.350000 0.093872
-6.300000 0.093874
-6.250000 0.093763
-6.200000 0.093530
-6.150000 0.093162
-6.100000 0.092647
-6.050000 0.091970
-6.000000 0.091118
-5.950000 0.090075
-5.900000 0.088824
-5.850000 0.087347
-5.800000 0.085624
-5.750000 0.083635
-5.700000 0.081358
-5.650000 0.078769
-5.600000 0.075843
-5.550000 0.072556
-5.500000 0.068877
-5.450000 0.064779
-5.400000 0.060231
-5.350000 0.055200
-5.300000 0.049654
-5.250000 0.043557
-5.200000 0.036874
-5.150000 0.029567
-5.100000 0.021599
-5.050000 0.012932
-5.000000 0.003527
-4.950000 -0.006656
-4.900000 -0.017654
-4.850000 -0.029506
-4.800000 -0.042249
-4.750000 -0.055917
-4.700000 -0.070544
-4.650000 -0.086161
-4.600000 -0.102794
-4.550000 -0.120466
-4.500000 -0.139195
-4.450000 -0.158994
-4.400000 -0.179867
-4.350000 -0.201815
-4.300000 -0.224826
-4.250000 -0.248881
-4.200000 -0.273952
-4.150000 -0.299998
-4.100000 -0.326967
-4.050000 -0.354795
-4.000000 -0.383403
-3.950000 -0.412701
-3.900000 -0.442581
-3.850000 -0.472923
-3.800000 -0.503590
-3.750000 -0.534431
-3.700000 -0.565279
-3.650000 -0.595952
-3.600000 -0.626256
-3.550000 -0.655981
-3.500000 -0.684908
-3.450000 -0.712804
-3.400000 -0.739428
-3.350000 -0.764533
-3.300000 -0.787865
-3.250000 -0.809168
-3.200000 -0.828188
-3.150000 -0.844670
-3.100000 -0.858368
-3.050000 -0.869045
-3.000000 -0.876475
-2.950000 -0.880449
-2.900000 -0.880779
-2.850000 -0.877297
-2.800000 -0.869861
-2.750000 -0.858362
-2.700000 -0.842718
-2.650000 -0.822884
-2.600000 -0.798853
-2.550000 -0.770654
-2.500000 -0.738358
-2.450000 -0.702075
-2.400000 -0.661957
-2.350000 -0.618198
-2.300000 -0.571031
-2.250000 -0.520726
-2.200000 -0.467591
-2.150000 -0.411969
-2.100000 -0.354232
-2.050000 -0.294779
-2.000000 -0.234032
-1.950000 -0.172431
-1.900000 -0.110429
-1.850000 -0.048489
-1.800000 0.012926
-1.750000 0.073353
-1.700000 0.132339
-1.650000 0.189444
-1.600000 0.244246
-1.550000 0.296345
-1.500000 0.345369
-1.450000 0.390980
-1.400000 0.432869
-1.350000 0.470771
-1.300000 0.504456
-1.250000 0.533736
-1.200000 0.558467
-1.150000 0.578545
-1.100000 0.593910
-1.050000 0.604542
-1.000000 0.610459
-0.950000 0.611718
-0.900000 0.608410
-0.850000 0.600658
-0.800000 0.588615
-0.750000 0.572457
-0.700000 0.552385
-0.650000 0.528618
-0.600000 0.501390
-0.550000 0.470949
-0.500000 0.437549
-0.450000 0.401456
-0.400000 0.362936
-0.350000 0.322262
-0.300000 0.279705
-0.250000 0.235538
-0.200000 0.190032
-0.150000 0.143457
-0.100000 0.096081
-0.050000 0.048174
0.000000 -0.000000
0.050000 -0.048174
0.100000 -0.096081
0.150000 -0.143457
0.200000 -0.190032
0.250000 -0.235538
0.300000 -0.279705
0.350000 -0.322262
0.400000 -0.362936
0.450000 -0.401456
0.500000 -0.437549
0.550000 -0.470949
0.600000 -0.501390
0.650000 -0.528618
0.700000 -0.552385
0.750000 -0.572457
0.800000 -0.588615
0.850000 -0.600658
0.900000 -0.608410
0.950000 -0.611718
1.000000 -0.610459
1.050000 -0.604542
1.100000 -0.593910
1.150000 -0.578545
1.200000 -0.558467
1.250000 -0.533736
1.300000 -0.504456
1.350000 -0.470771
1.400000 -0.432869
1.450000 -0.390980
1.500000 -0.345369
1.550000 -0.296345
1.600000 -0.244246
1.650000 -0.189444
1.700000 -0.132339
1.750000 -0.073353
1.800000 -0.012926
1.850000 0.048489
1.900000 0.110429
1.950000 0.172431
2.000000 0.234032
2.050000 0.294779
2.100000 0.354232
2.150000 0.411969
2.200000 0.467591
2.250000 0.520726
2.300000 0.571031
2.350000 0.618198
2.400000 0.661957
2.450000 0.702075
2.500000 0.738358
2.550000 0.770654
2.600000 0.798853
2.650000 0.822884
2.700000 0.842718
2.750000 0.858362
2.800000 0.869861
2.850000 0.877297
2.900000 0.880779
2.950000 0.880449
3.000000 0.876475
3.050000 0.869045
3.100000 0.858368
3.150000 0.844670
3.200000 0.828188
3.250000 0.809168
3.300000 0.787865
3.350000 0.764533
3.400000 0.739428
3.450000 0.712804
3.500000 0.684908
3.550000 0.655981
3.600000 0.626256
3.650000 0.595952
3.700000 0.565279
3.750000 0.534431
3.800000 0.503590
3.850000 0.472923
3.900000 0.442581
3.950000 0.412701
4.000000 0.383403
4.050000 0.354795
4.100000 0.326967
4.150000 0.299998
4.200000 0.273952
4.250000 0.248881
4.300000 0.224826
4.350000 0.201815
4.400000 0.179867
4.450000 0.158994
4.500000 0.139195
4.550000 0.120466
4.600000 0.102794
4.650000 0.086161
4.700000 0.070544
4.750000 0.055917
4.800000 0.042249
4.850000 0.029506
4.900000 0.017654
4.950000 0.006656
5.000000 -0.003527
5.050000 -0.012932
5.100000 -0.021599
5.150000 -0.029567
5.200000 -0.036874
5.250000 -0.043557
5.300000 -0.049654
5.350000 -0.055200
5.400000 -0.060231
5.450000 -0.064779
5.500000 -0.068877
5.550000 -0.072556
5.600000 -0.075843
5.650000 -0.078769
5.700000 -0.081358
5.750000 -0.083635
5.800000 -0.085624
5.850000 -0.087347
5.900000 -0.088824
5.950000 -0.090075
6.000000 -0.091118
6.050000 -0.091970
6.100000 -0.092647
6.150000 -0.093162
6.200000 -0.093530
6.250000 -0.093763
6.300000 -0.093874
6.350000 -0.093872
6.400000 -0.093768
6.450000 -0.093571
6.500000 -0.093290
6.550000 -0.092933
6.600000 -0.092507
6.650000 -0.092019
6.700000 -0.091474
6.750000 -0.090880
6.800000 -0.090240
6.850000 -0.089560
6.900000 -0.088844
6.950000 -0.088097
7.000000 -0.087322
7.050000 -0.086522
7.100000 -0.085702
7.150000 -0.084863
7.200000 -0.084008
7.250000 -0.083140
7.300000 -0.082261
7.350000 -0.081373
7.400000 -0.080478
7.450000 -0.079578
7.500000 -0.078673
7.550000 -0.077767
7.600000 -0.076859
7.650000 -0.075952
7.700000 -0.075045
7.750000 -0.074141
7.800000 -0.073240
7.850000 -0.072343
7.900000 -0.071450
7.950000 -0.070562
8.000000 -0.069681
8.050000 -0.068805
8.100000 -0.067937
8.150000 -0.067075
8.200000 -0.066222
8.250000 -0.065376
8.300000 -0.064538
8.350000 -0.063709
8.400000 -0.062888
8.450000 -0.062077
8.500000 -0.061274
8.550000 -0.060481
8.600000 -0.059697
8.650000 -0.058922
8.700000 -0.058157
8.750000 -0.057402
8.800000 -0.056656
8.850000 -0.055919
8.900000 -0.055192
8.950000 -0.054475
9.000000 -0.053767
9.050000 -0.053069
9.100000 -0.052380
9.150000 -0.051701
9.200000 -0.051031
9.250000 -0.050371
9.300000 -0.049719
9.350000 -0.049077
9.400000 -0.048444
9.450000 -0.047821
9.500000 -0.047206
9.550000 -0.046600
9.600000 -0.046003
9.650000 -0.045414
9.700000 -0.044834
9.750000 -0.044263
9.800000 -0.043700
9.850000 -0.043145
9.900000 -0.042598
9.950000 -0.042060
