-10.000000 -0.161877
-9.950000 -0.165186
-9.900000 -0.168532
-9.850000 -0.171913
-9.800000 -0.175329
-9.750000 -0.178777
-9.700000 -0.182255
-9.650000 -0.185760
-9.600000 -0.189291
-9.550000 -0.192844
-9.500000 -0.196417
-9.450000 -0.200005
-9.400000 -0.203607
-9.350000 -0.207216
-9.300000 -0.210831
-9.250000 -0.214444
-9.200000 -0.218053
-9.150000 -0.221651
-9.100000 -0.225232
-9.050000 -0.228790
-9.000000 -0.232319
-8.950000 -0.235812
-8.900000 -0.239259
-8.850000 -0.242654
-8.800000 -0.245988
-8.750000 -0.249250
-8.700000 -0.252431
-8.650000 -0.255520
-8.600000 -0.258505
-8.550000 -0.261374
-8.500000 -0.264114
-8.450000 -0.266711
-8.400000 -0.269151
-8.350000 -0.271418
-8.300000 -0.273496
-8.250000 -0.275367
-8.200000 -0.277013
-8.150000 -0.278414
-8.100000 -0.279551
-8.050000 -0.280402
-8.000000 -0.280945
-7.950000 -0.281156
-7.900000 -0.281011
-7.850000 -0.280484
-7.800000 -0.279549
-7.750000 -0.278179
-7.700000 -0.276343
-7.650000 -0.274014
-7.600000 -0.271159
-7.550000 -0.267749
-7.500000 -0.263749
-7.450000 -0.259128
-7.400000 -0.253851
-7.350000 -0.247885
-7.300000 -0.241193
-7.250000 -0.233742
-7.200000 -0.225497
-7.150000 -0.216422
-7.100000 -0.206483
-7.050000 -0.195645
-7.000000 -0.183877
-6.950000 -0.171146
-6.900000 -0.157422
-6.850000 -0.142676
-6.800000 -0.126882
-6.750000 -0.110018
-6.700000 -0.092063
-6.650000 -0.073000
-6.600000 -0.052817
-6.550000 -0.031508
-6.500000 -0.009070
-6.450000 0.014494
-6.400000 0.039172
-6.350000 0.064947
-6.300000 0.091795
-6.250000 0.119681
-6.200000 0.148564
-6.150000 0.178390
-6.100000 0.209099
-6.050000 0.240617
-6.000000 0.272862
-5.950000 0.305737
-5.900000 0.339137
-5.850000 0.372944
-5.800000 0.407026
-5.750000 0.441242
-5.700000 0.475436
-5.650000 0.509445
-5.600000 0.543090
-5.550000 0.576185
-5.500000 0.608532
-5.450000 0.639926
-5.400000 0.670154
-5.350000 0.698997
-5.300000 0.726231
-5.250000 0.751630
-5.200000 0.774965
-5.150000 0.796012
-5.100000 0.814546
-5.050000 0.830353
-5.000000 0.843224
-4.950000 0.852962
-4.900000 0.859384
-4.850000 0.862326
-4.800000 0.861639
-4.750000 0.857201
-4.700000 0.848910
-4.650000 0.836696
-4.600000 0.820515
-4.550000 0.800357
-4.500000 0.776243
-4.450000 0.748230
-4.400000 0.716412
-4.350000 0.680918
-4.300000 0.641914
-4.250000 0.599602
-4.200000 0.554221
-4.150000 0.506042
-4.100000 0.455372
-4.050000 0.402544
-4.000000 0.347922
-3.950000 0.291891
-3.900000 0.234858
-3.850000 0.177245
-3.800000 0.119487
-3.750000 0.062022
-3.700000 0.005292
-3.650000 -0.050264
-3.600000 -0.104220
-3.550000 -0.156159
-3.500000 -0.205689
-3.450000 -0.252441
-3.400000 -0.296073
-3.350000 -0.336279
-3.300000 -0.372792
-3.250000 -0.405382
-3.200000 -0.433867
-3.150000 -0.458109
-3.100000 -0.478016
-3.050000 -0.493547
-3.000000 -0.504706
-2.950000 -0.511548
-2.900000 -0.514171
-2.850000 -0.512719
-2.800000 -0.507374
-2.750000 -0.498359
-2.700000 -0.485929
-2.650000 -0.470369
-2.600000 -0.451989
-2.550000 -0.431117
-2.500000 -0.408098
-2.450000 -0.383285
-2.400000 -0.357035
-2.350000 -0.329704
-2.300000 -0.301643
-2.250000 -0.273190
-2.200000 -0.244671
-2.150000 -0.216391
-2.100000 -0.188635
-2.050000 -0.161660
-2.000000 -0.135697
-1.950000 -0.110950
-1.900000 -0.087591
-1.850000 -0.065760
-1.800000 -0.045568
-1.750000 -0.027096
-1.700000 -0.010395
-1.650000 0.004513
-1.600000 0.017629
-1.550000 0.028981
-1.500000 0.038618
-1.450000 0.046606
-1.400000 0.053030
-1.350000 0.057986
-1.300000 0.061583
-1.250000 0.063937
-1.200000 0.065168
-1.150000 0.065401
-1.100000 0.064761
-1.050000 0.063369
-1.000000 0.061346
-0.950000 0.058804
-0.900000 0.055852
-0.850000 0.052589
-0.800000 0.049104
-0.750000 0.045479
-0.700000 0.041784
-0.650000 0.038082
-0.600000 0.034421
-0.550000 0.030843
-0.500000 0.027379
-0.450000 0.024051
-0.400000 0.020870
-0.350000 0.017842
-0.300000 0.014964
-0.250000 0.012228
-0.200000 0.009618
-0.150000 0.007115
-0.100000 0.004695
-0.050000 0.002333
0.000000 -0.000000
0.050000 -0.002333
0.100000 -0.004695
0.150000 -0.007115
0.200000 -0.009618
0.250000 -0.012228
0.300000 -0.014964
0.350000 -0.017842
0.400000 -0.020870
0.450000 -0.024051
0.500000 -0.027379
0.550000 -0.030843
0.600000 -0.034421
0.650000 -0.038082
0.700000 -0.041784
0.750000 -0.045479
0.800000 -0.049104
0.850000 -0.052589
0.900000 -0.055852
0.950000 -0.058804
1.000000 -0.061346
1.050000 -0.063369
1.100000 -0.064761
1.150000 -0.065401
1.200000 -0.065168
1.250000 -0.063937
1.300000 -0.061583
1.350000 -0.057986
1.400000 -0.053030
1.450000 -0.046606
1.500000 -0.038618
1.550000 -0.028981
1.600000 -0.017629
1.650000 -0.004513
1.700000 0.010395
1.750000 0.027096
1.800000 0.045568
1.850000 0.065760
1.900000 0.087591
1.950000 0.110950
2.000000 0.135697
2.050000 0.161660
2.100000 0.188635
2.150000 0.216391
2.200000 0.244671
2.250000 0.273190
2.300000 0.301643
2.350000 0.329704
2.400000 0.357035
2.450000 0.383285
2.500000 0.408098
2.550000 0.431117
2.600000 0.451989
2.650000 0.470369
2.700000 0.485929
2.750000 0.498359
2.800000 0.507374
2.850000 0.512719
2.900000 0.514171
2.950000 0.511548
3.000000 0.504706
3.050000 0.493547
3.100000 0.478016
3.150000 0.458109
3.200000 0.433867
3.250000 0.405382
3.300000 0.372792
3.350000 0.336279
3.400000 0.296073
3.450000 0.252441
3.500000 0.205689
3.550000 0.156159
3.600000 0.104220
3.650000 0.050264
3.700000 -0.005292
3.750000 -0.062022
3.800000 -0.119487
3.850000 -0.177245
3.900000 -0.234858
3.950000 -0.291891
4.000000 -0.347922
4.050000 -0.402544
4.100000 -0.455372
4.150000 -0.506042
4.200000 -0.554221
4.250000 -0.599602
4.300000 -0.641914
4.350000 -0.680918
4.400000 -0.716412
4.450000 -0.748230
4.500000 -0.776243
4.550000 -0.800357
4.600000 -0.820515
4.650000 -0.836696
4.700000 -0.848910
4.750000 -0.857201
4.800000 -0.861639
4.850000 -0.862326
4.900000 -0.859384
4.950000 -0.852962
5.000000 -0.843224
5.050000 -0.830353
5.100000 -0.814546
5.150000 -0.796012
5.200000 -0.774965
5.250000 -0.751630
5.300000 -0.726231
5.350000 -0.698997
5.400000 -0.670154
5.450000 -0.639926
5.500000 -0.608532
5.550000 -0.576185
5.600000 -0.543090
5.650000 -0.509445
5.700000 -0.475436
5.750000 -0.441242
5.800000 -0.407026
5.850000 -0.372944
5.900000 -0.339137
5.950000 -0.305737
6.000000 -0.272862
6.050000 -0.240617
6.100000 -0.209099
6.150000 -0.178390
6.200000 -0.148564
6.250000 -0.119681
6.300000 -0.091795
6.350000 -0.064947
6.400000 -0.039172
6.450000 -0.014494
6.500000 0.009070
6.550000 0.031508
6.600000 0.052817
6.650000 0.073000
6.700000 0.092063
6.750000 0.110018
6.800000 0.126882
6.850000 0.142676
6.900000 0.157422
6.950000 0.171146
7.000000 0.183877
7.050000 0.195645
7.100000 0.206483
7.150000 0.216422
7.200000 0.225497
7.250000 0.233742
7.300000 0.241193
7.350000 0.247885
7.400000 0.253851
7.450000 0.259128
7.500000 0.263749
7.550000 0.267749
7.600000 0.271159
7.650000 0.274014
7.700000 0.276343
7.750000 0.278179
7.800000 0.279549
7.850000 0.280484
7.900000 0.281011
7.950000 0.281156
8.000000 0.280945
8.050000 0.280402
8.100000 0.279551
8.150000 0.278414
8.200000 0.277013
8.250000 0.275367
8.300000 0.273496
8.350000 0.271418
8.400000 0.269151
8.450000 0.266711
8.500000 0.264114
8.550000 0.261374
8.600000 0.258505
8.650000 0.255520
8.700000 0.252431
8.750000 0.249250
8.800000 0.245988
8.850000 0.242654
8.900000 0.239259
8.950000 0.235812
9.000000 0.232319
9.050000 0.228790
9.100000 0.225232
9.150000 0.221651
9.200000 0.218053
9.250000 0.214444
9.300000 0.210831
9.350000 0.207216
9.400000 0.203607
9.450000 0.200005
9.500000 0.196417
9.550000 0.192844
9.600000 0.189291
9.650000 0.185760
9.700000 0.182255
9.750000 0.178777
9.800000 0.175329
9.850000 0.171913
9.900000 0.168532
9.950000 0.165186
