-10.000000 0.018602
-9.950000 0.018890
-9.900000 0.019184
-9.850000 0.019484
-9.800000 0.019791
-9.750000 0.020104
-9.700000 0.020423
-9.650000 0.020750
-9.600000 0.021083
-9.550000 0.021424
-9.500000 0.021773
-9.450000 0.022128
-9.400000 0.022492
-9.350000 0.022864
-9.300000 0.023244
-9.250000 0.023632
-9.200000 0.024030
-9.150000 0.024436
-9.100000 0.024852
-9.050000 0.025277
-9.000000 0.025712
-8.950000 0.026157
-8.900000 0.026612
-8.850000 0.027078
-8.800000 0.027555
-8.750000 0.028044
-8.700000 0.028544
-8.650000 0.029056
-8.600000 0.029580
-8.550000 0.030118
-8.500000 0.030668
-8.450000 0.031232
-8.400000 0.031810
-8.350000 0.032403
-8.300000 0.033010
-8.250000 0.033633
-8.200000 0.034271
-8.150000 0.034926
-8.100000 0.035598
-8.050000 0.036288
-8.000000 0.036995
-7.950000 0.037721
-7.900000 0.038466
-7.850000 0.039231
-7.800000 0.040016
-7.750000 0.040823
-7.700000 0.041652
-7.650000 0.042503
-7.600000 0.043378
-7.550000 0.044277
-7.500000 0.045202
-7.450000 0.046152
-7.400000 0.047129
-7.350000 0.048135
-7.300000 0.049169
-7.250000 0.050233
-7.200000 0.051328
-7.150000 0.052456
-7.100000 0.053616
-7.050000 0.054812
-7.000000 0.056043
-6.950000 0.057312
-6.900000 0.058619
-6.850000 0.059966
-6.800000 0.061355
-6.750000 0.062788
-6.700000 0.064265
-6.650000 0.065789
-6.600000 0.067361
-6.550000 0.068984
-6.500000 0.070659
-6.450000 0.072389
-6.400000 0.074175
-6.350000 0.076020
-6.300000 0.077927
-6.250000 0.079897
-6.200000 0.081933
-6.150000 0.084037
-6.100000 0.086214
-6.050000 0.088464
-6.000000 0.090792
-5.950000 0.093200
-5.900000 0.095691
-5.850000 0.098269
-5.800000 0.100937
-5.750000 0.103698
-5.700000 0.106555
-5.650000 0.109513
-5.600000 0.112574
-5.550000 0.115742
-5.500000 0.119020
-5.450000 0.122412
-5.400000 0.125921
-5.350000 0.129550
-5.300000 0.133303
-5.250000 0.137181
-5.200000 0.141188
-5.150000 0.145324
-5.100000 0.149592
-5.050000 0.153993
-5.000000 0.158526
-4.950000 0.163191
-4.900000 0.167985
-4.850000 0.172907
-4.800000 0.177953
-4.750000 0.183115
-4.700000 0.188387
-4.650000 0.193759
-4.600000 0.199221
-4.550000 0.204757
-4.500000 0.210351
-4.450000 0.215983
-4.400000 0.221630
-4.350000 0.227266
-4.300000 0.232861
-4.250000 0.238379
-4.200000 0.243783
-4.150000 0.249027
-4.100000 0.254064
-4.050000 0.258840
-4.000000 0.263295
-3.950000 0.267366
-3.900000 0.270981
-3.850000 0.274065
-3.800000 0.276536
-3.750000 0.278309
-3.700000 0.279289
-3.650000 0.279381
-3.600000 0.278482
-3.550000 0.276487
-3.500000 0.273287
-3.450000 0.268771
-3.400000 0.262825
-3.350000 0.255337
-3.300000 0.246193
-3.250000 0.235282
-3.200000 0.222499
-3.150000 0.207740
-3.100000 0.190910
-3.050000 0.171923
-3.000000 0.150702
-2.950000 0.127184
-2.900000 0.101318
-2.850000 0.073070
-2.800000 0.042425
-2.750000 0.009386
-2.700000 -0.026022
-2.650000 -0.063752
-2.600000 -0.103733
-2.550000 -0.145868
-2.500000 -0.190035
-2.450000 -0.236087
-2.400000 -0.283849
-2.350000 -0.333122
-2.300000 -0.383678
-2.250000 -0.435269
-2.200000 -0.487622
-2.150000 -0.540442
-2.100000 -0.593418
-2.050000 -0.646219
-2.000000 -0.698502
-1.950000 -0.749916
-1.900000 -0.800100
-1.850000 -0.848691
-1.800000 -0.895328
-1.750000 -0.939652
-1.700000 -0.981316
-1.650000 -1.019983
-1.600000 -1.055333
-1.550000 -1.087067
-1.500000 -1.114908
-1.450000 -1.138605
-1.400000 -1.157939
-1.350000 -1.172718
-1.300000 -1.182787
-1.250000 -1.188024
-1.200000 -1.188341
-1.150000 -1.183687
-1.100000 -1.174046
-1.050000 -1.159437
-1.000000 -1.139913
-0.950000 -1.115557
-0.900000 -1.086483
-0.850000 -1.052834
-0.800000 -1.014775
-0.750000 -0.972498
-0.700000 -0.926211
-0.650000 -0.876140
-0.600000 -0.822527
-0.550000 -0.765623
-0.500000 -0.705689
-0.450000 -0.642994
-0.400000 -0.577811
-0.350000 -0.510414
-0.300000 -0.441083
-0.250000 -0.370094
-0.200000 -0.297726
-0.150000 -0.224257
-0.100000 -0.149963
-0.050000 -0.075119
0.000000 0.000000
0.050000 0.075119
0.100000 0.149963
0.150000 0.224257
0.200000 0.297726
0.250000 0.370094
0.300000 0.441083
0.350000 0.510414
0.400000 0.577811
0.450000 0.642994
0.500000 0.705689
0.550000 0.765623
0.600000 0.822527
0.650000 0.876140
0.700000 0.926211
0.750000 0.972498
0.800000 1.014775
0.850000 1.052834
0.900000 1.086483
0.950000 1.115557
1.000000 1.139913
1.050000 1.159437
1.100000 1.174046
1.150000 1.183687
1.200000 1.188341
1.250000 1.188024
1.300000 1.182787
1.350000 1.172718
1.400000 1.157939
1.450000 1.138605
1.500000 1.114908
1.550000 1.087067
1.600000 1.055333
1.650000 1.019983
1.700000 0.981316
1.750000 0.939652
1.800000 0.895328
1.850000 0.848691
1.900000 0.800100
1.950000 0.749916
2.000000 0.698502
2.050000 0.646219
2.100000 0.593418
2.150000 0.540442
2.200000 0.487622
2.250000 0.435269
2.300000 0.383678
2.350000 0.333122
2.400000 0.283849
2.450000 0.236087
2.500000 0.190035
2.550000 0.145868
2.600000 0.103733
2.650000 0.063752
2.700000 0.026022
2.750000 -0.009386
2.800000 -0.042425
2.850000 -0.073070
2.900000 -0.101318
2.950000 -0.127184
3.000000 -0.150702
3.050000 -0.171923
3.100000 -0.190910
3.150000 -0.207740
3.200000 -0.222499
3.250000 -0.235282
3.300000 -0.246193
3.350000 -0.255337
3.400000 -0.262825
3.450000 -0.268771
3.500000 -0.273287
3.550000 -0.276487
3.600000 -0.278482
3.650000 -0.279381
3.700000 -0.279289
3.750000 -0.278309
3.800000 -0.276536
3.850000 -0.274065
3.900000 -0.270981
3.950000 -0.267366
4.000000 -0.263295
4.050000 -0.258840
4.100000 -0.254064
4.150000 -0.249027
4.200000 -0.243783
4.250000 -0.238379
4.300000 -0.232861
4.350000 -0.227266
4.400000 -0.221630
4.450000 -0.215983
4.500000 -0.210351
4.550000 -0.204757
4.600000 -0.199221
4.650000 -0.193759
4.700000 -0.188387
4.750000 -0.183115
4.800000 -0.177953
4.850000 -0.172907
4.900000 -0.167985
4.950000 -0.163191
5.000000 -0.158526
5.050000 -0.153993
5.100000 -0.149592
5.150000 -0.145324
5.200000 -0.141188
5.250000 -0.137181
5.300000 -0.133303
5.350000 -0.129550
5.400000 -0.125921
5.450000 -0.122412
5.500000 -0.119020
5.550000 -0.115742
5.600000 -0.112574
5.650000 -0.109513
5.700000 -0.106555
5.750000 -0.103698
5.800000 -0.100937
5.850000 -0.098269
5.900000 -0.095691
5.950000 -0.093200
6.000000 -0.090792
6.050000 -0.088464
6.100000 -0.086214
6.150000 -0.084037
6.200000 -0.081933
6.250000 -0.079897
6.300000 -0.077927
6.350000 -0.076020
6.400000 -0.074175
6.450000 -0.072389
6.500000 -0.070659
6.550000 -0.068984
6.600000 -0.067361
6.650000 -0.065789
6.700000 -0.064265
6.750000 -0.062788
6.800000 -0.061355
6.850000 -0.059966
6.900000 -0.058619
6.950000 -0.057312
7.000000 -0.056043
7.050000 -0.054812
7.100000 -0.053616
7.150000 -0.052456
7.200000 -0.051328
7.250000 -0.050233
7.300000 -0.049169
7.350000 -0.048135
7.400000 -0.047129
7.450000 -0.046152
7.500000 -0.045202
7.550000 -0.044277
7.600000 -0.043378
7.650000 -0.042503
7.700000 -0.041652
7.750000 -0.040823
7.800000 -0.040016
7.850000 -0.039231
7.900000 -0.038466
7.950000 -0.037721
8.000000 -0.036995
8.050000 -0.036288
8.100000 -0.035598
8.150000 -0.034926
8.200000 -0.034271
8.250000 -0.033633
8.300000 -0.033010
8.350000 -0.032403
8.400000 -0.031810
8.450000 -0.031232
8.500000 -0.030668
8.550000 -0.030118
8.600000 -0.029580
8.650000 -0.029056
8.700000 -0.028544
8.750000 -0.028044
8.800000 -0.027555
8.850000 -0.027078
8.900000 -0.026612
8.950000 -0.026157
9.000000 -0.025712
9.050000 -0.025277
9.100000 -0.024852
9.150000 -0.024436
9.200000 -0.024030
9.250000 -0.023632
9.300000 -0.023244
9.350000 -0.022864
9.400000 -0.022492
9.450000 -0.022128
9.500000 -0.021773
9.550000 -0.021424
9.600000 -0.021083
9.650000 -0.020750
9.700000 -0.020423
9.750000 -0.020104
9.800000 -0.019791
9.850000 -0.019484
9.900000 -0.019184
9.950000 -0.018890
