-10.000000 0.030927
-9.950000 0.031382
-9.900000 0.031845
-9.850000 0.032317
-9.800000 0.032799
-9.750000 0.033290
-9.700000 0.033790
-9.650000 0.034301
-9.600000 0.034821
-9.550000 0.035352
-9.500000 0.035894
-9.450000 0.036446
-9.400000 0.037009
-9.350000 0.037584
-9.300000 0.038171
-9.250000 0.038770
-9.200000 0.039380
-9.150000 0.040004
-9.100000 0.040640
-9.050000 0.041290
-9.000000 0.041953
-8.950000 0.042630
-8.900000 0.043321
-8.850000 0.044026
-8.800000 0.044747
-8.750000 0.045483
-8.700000 0.046235
-8.650000 0.047002
-8.600000 0.047786
-8.550000 0.048588
-8.500000 0.049406
-8.450000 0.050242
-8.400000 0.051097
-8.350000 0.051970
-8.300000 0.052862
-8.250000 0.053774
-8.200000 0.054706
-8.150000 0.055659
-8.100000 0.056633
-8.050000 0.057628
-8.000000 0.058646
-7.950000 0.059687
-7.900000 0.060751
-7.850000 0.061839
-7.800000 0.062951
-7.750000 0.064089
-7.700000 0.065252
-7.650000 0.066442
-7.600000 0.067659
-7.550000 0.068903
-7.500000 0.070176
-7.450000 0.071478
-7.400000 0.072810
-7.350000 0.074171
-7.300000 0.075564
-7.250000 0.076989
-7.200000 0.078445
-7.150000 0.079935
-7.100000 0.081459
-7.050000 0.083017
-7.000000 0.084609
-6.950000 0.086238
-6.900000 0.087902
-6.850000 0.089604
-6.800000 0.091342
-6.750000 0.093119
-6.700000 0.094933
-6.650000 0.096786
-6.600000 0.098678
-6.550000 0.100609
-6.500000 0.102579
-6.450000 0.104588
-6.400000 0.106636
-6.350000 0.108723
-6.300000 0.110848
-6.250000 0.113010
-6.200000 0.115210
-6.150000 0.117444
-6.100000 0.119713
-6.050000 0.122013
-6.000000 0.124344
-5.950000 0.126701
-5.900000 0.129084
-5.850000 0.131486
-5.800000 0.133905
-5.750000 0.136336
-5.700000 0.138772
-5.650000 0.141208
-5.600000 0.143636
-5.550000 0.146047
-5.500000 0.148433
-5.450000 0.150782
-5.400000 0.153082
-5.350000 0.155321
-5.300000 0.157482
-5.250000 0.159549
-5.200000 0.161504
-5.150000 0.163326
-5.100000 0.164992
-5.050000 0.166477
-5.000000 0.167754
-4.950000 0.168793
-4.900000 0.169561
-4.850000 0.170024
-4.800000 0.170142
-4.750000 0.169875
-4.700000 0.169178
-4.650000 0.168004
-4.600000 0.166304
-4.550000 0.164023
-4.500000 0.161105
-4.450000 0.157493
-4.400000 0.153124
-4.350000 0.147934
-4.300000 0.141858
-4.250000 0.134829
-4.200000 0.126777
-4.150000 0.117635
-4.100000 0.107333
-4.050000 0.095804
-4.000000 0.082981
-3.950000 0.068801
-3.900000 0.053203
-3.850000 0.036133
-3.800000 0.017542
-3.750000 -0.002613
-3.700000 -0.024365
-3.650000 -0.047739
-3.600000 -0.072745
-3.550000 -0.099386
-3.500000 -0.127647
-3.450000 -0.157498
-3.400000 -0.188895
-3.350000 -0.221774
-3.300000 -0.256053
-3.250000 -0.291631
-3.200000 -0.328387
-3.150000 -0.366177
-3.100000 -0.404838
-3.050000 -0.444187
-3.000000 -0.484018
-2.950000 -0.524106
-2.900000 -0.564209
-2.850000 -0.604066
-2.800000 -0.643399
-2.750000 -0.681918
-2.700000 -0.719323
-2.650000 -0.755305
-2.600000 -0.789548
-2.550000 -0.821738
-2.500000 -0.851560
-2.450000 -0.878709
-2.400000 -0.902886
-2.350000 -0.923812
-2.300000 -0.941222
-2.250000 -0.954877
-2.200000 -0.964567
-2.150000 -0.970112
-2.100000 -0.971367
-2.050000 -0.968227
-2.000000 -0.960629
-1.950000 -0.948554
-1.900000 -0.932031
-1.850000 -0.911135
-1.800000 -0.885991
-1.750000 -0.856773
-1.700000 -0.823703
-1.650000 -0.787047
-1.600000 -0.747119
-1.550000 -0.704272
-1.500000 -0.658896
-1.450000 -0.611416
-1.400000 -0.562285
-1.350000 -0.511975
-1.300000 -0.460978
-1.250000 -0.409795
-1.200000 -0.358928
-1.150000 -0.308876
-1.100000 -0.260127
-1.050000 -0.213151
-1.000000 -0.168391
-0.950000 -0.126261
-0.900000 -0.087133
-0.850000 -0.051338
-0.800000 -0.019158
-0.750000 0.009180
-0.700000 0.033506
-0.650000 0.053709
-0.600000 0.069739
-0.550000 0.081612
-0.500000 0.089404
-0.450000 0.093254
-0.400000 0.093360
-0.350000 0.089979
-0.300000 0.083419
-0.250000 0.074038
-0.200000 0.062237
-0.150000 0.048454
-0.100000 0.033156
-0.050000 0.016836
0.000000 -0.000000
0.050000 -0.016836
0.100000 -0.033156
0.150000 -0.048454
0.200000 -0.062237
0.250000 -0.074038
0.300000 -0.083419
0.350000 -0.089979
0.400000 -0.093360
0.450000 -0.093254
0.500000 -0.089404
0.550000 -0.081612
0.600000 -0.069739
0.650000 -0.053709
0.700000 -0.033506
0.750000 -0.009180
0.800000 0.019158
0.850000 0.051338
0.900000 0.087133
0.950000 0.126261
1.000000 0.168391
1.050000 0.213151
1.100000 0.260127
1.150000 0.308876
1.200000 0.358928
1.250000 0.409795
1.300000 0.460978
1.350000 0.511975
1.400000 0.562285
1.450000 0.611416
1.500000 0.658896
1.550000 0.704272
1.600000 0.747119
1.650000 0.787047
1.700000 0.823703
1.750000 0.856773
1.800000 0.885991
1.850000 0.911135
1.900000 0.932031
1.950000 0.948554
2.000000 0.960629
2.050000 0.968227
2.100000 0.971367
2.150000 0.970112
2.200000 0.964567
2.250000 0.954877
2.300000 0.941222
2.350000 0.923812
2.400000 0.902886
2.450000 0.878709
2.500000 0.851560
2.550000 0.821738
2.600000 0.789548
2.650000 0.755305
2.700000 0.719323
2.750000 0.681918
2.800000 0.643399
2.850000 0.604066
2.900000 0.564209
2.950000 0.524106
3.000000 0.484018
3.050000 0.444187
3.100000 0.404838
3.150000 0.366177
3.200000 0.328387
3.250000 0.291631
3.300000 0.256053
3.350000 0.221774
3.400000 0.188895
3.450000 0.157498
3.500000 0.127647
3.550000 0.099386
3.600000 0.072745
3.650000 0.047739
3.700000 0.024365
3.750000 0.002613
3.800000 -0.017542
3.850000 -0.036133
3.900000 -0.053203
3.950000 -0.068801
4.000000 -0.082981
4.050000 -0.095804
4.100000 -0.107333
4.150000 -0.117635
4.200000 -0.126777
4.250000 -0.134829
4.300000 -0.141858
4.350000 -0.147934
4.400000 -0.153124
4.450000 -0.157493
4.500000 -0.161105
4.550000 -0.164023
4.600000 -0.166304
4.650000 -0.168004
4.700000 -0.169178
4.750000 -0.169875
4.800000 -0.170142
4.850000 -0.170024
4.900000 -0.169561
4.950000 -0.168793
5.000000 -0.167754
5.050000 -0.166477
5.100000 -0.164992
5.150000 -0.163326
5.200000 -0.161504
5.250000 -0.159549
5.300000 -0.157482
5.350000 -0.155321
5.400000 -0.153082
5.450000 -0.150782
5.500000 -0.148433
5.550000 -0.146047
5.600000 -0.143636
5.650000 -0.141208
5.700000 -0.138772
5.750000 -0.136336
5.800000 -0.133905
5.850000 -0.131486
5.900000 -0.129084
5.950000 -0.126701
6.000000 -0.124344
6.050000 -0.122013
6.100000 -0.119713
6.150000 -0.117444
6.200000 -0.115210
6.250000 -0.113010
6.300000 -0.110848
6.350000 -0.108723
6.400000 -0.106636
6.450000 -0.104588
6.500000 -0.102579
6.550000 -0.100609
6.600000 -0.098678
6.650000 -0.096786
6.700000 -0.094933
6.750000 -0.093119
6.800000 -0.091342
6.850000 -0.089604
6.900000 -0.087902
6.950000 -0.086238
7.000000 -0.084609
7.050000 -0.083017
7.100000 -0.081459
7.150000 -0.079935
7.200000 -0.078445
7.250000 -0.076989
7.300000 -0.075564
7.350000 -0.074171
7.400000 -0.072810
7.450000 -0.071478
7.500000 -0.070176
7.550000 -0.068903
7.600000 -0.067659
7.650000 -0.066442
7.700000 -0.065252
7.750000 -0.064089
7.800000 -0.062951
7.850000 -0.061839
7.900000 -0.060751
7.950000 -0.059687
8.000000 -0.058646
8.050000 -0.057628
8.100000 -0.056633
8.150000 -0.055659
8.200000 -0.054706
8.250000 -0.053774
8.300000 -0.052862
8.350000 -0.051970
8.400000 -0.051097
8.450000 -0.050242
8.500000 -0.049406
8.550000 -0.048588
8.600000 -0.047786
8.650000 -0.047002
8.700000 -0.046235
8.750000 -0.045483
8.800000 -0.044747
8.850000 -0.044026
8.900000 -0.043321
8.950000 -0.042630
9.000000 -0.041953
9.050000 -0.041290
9.100000 -0.040640
9.150000 -0.040004
9.200000 -0.039380
9.250000 -0.038770
9.300000 -0.038171
9.350000 -0.037584
9.400000 -0.037009
9.450000 -0.036446
9.500000 -0.035894
9.550000 -0.035352
9.600000 -0.034821
9.650000 -0.034301
9.700000 -0.033790
9.750000 -0.033290
9.800000 -0.032799
9.850000 -0.032317
9.900000 -0.031845
9.950000 -0.031382
