-10.000000 0.002129
-9.950000 0.002163
-9.900000 0.002197
-9.850000 0.002232
-9.800000 0.002268
-9.750000 0.002305
-9.700000 0.002343
-9.650000 0.002381
-9.600000 0.002420
-9.550000 0.002460
-9.500000 0.002501
-9.450000 0.002543
-9.400000 0.002586
-9.350000 0.002630
-9.300000 0.002675
-9.250000 0.002721
-9.200000 0.002767
-9.150000 0.002816
-9.100000 0.002865
-9.050000 0.002915
-9.000000 0.002967
-8.950000 0.003019
-8.900000 0.003074
-8.850000 0.003129
-8.800000 0.003186
-8.750000 0.003244
-8.700000 0.003304
-8.650000 0.003365
-8.600000 0.003427
-8.550000 0.003492
-8.500000 0.003558
-8.450000 0.003625
-8.400000 0.003695
-8.350000 0.003766
-8.300000 0.003839
-8.250000 0.003914
-8.200000 0.003991
-8.150000 0.004070
-8.100000 0.004151
-8.050000 0.004235
-8.000000 0.004320
-7.950000 0.004409
-7.900000 0.004499
-7.850000 0.004592
-7.800000 0.004688
-7.750000 0.004787
-7.700000 0.004888
-7.650000 0.004992
-7.600000 0.005100
-7.550000 0.005210
-7.500000 0.005324
-7.450000 0.005441
-7.400000 0.005562
-7.350000 0.005687
-7.300000 0.005815
-7.250000 0.005948
-7.200000 0.006084
-7.150000 0.006225
-7.100000 0.006371
-7.050000 0.006521
-7.000000 0.006676
-6.950000 0.006836
-6.900000 0.007002
-6.850000 0.007173
-6.800000 0.007350
-6.750000 0.007533
-6.700000 0.007722
-6.650000 0.007918
-6.600000 0.008121
-6.550000 0.008331
-6.500000 0.008549
-6.450000 0.008774
-6.400000 0.009008
-6.350000 0.009251
-6.300000 0.009503
-6.250000 0.009765
-6.200000 0.010037
-6.150000 0.010319
-6.100000 0.010613
-6.050000 0.010919
-6.000000 0.011237
-5.950000 0.011568
-5.900000 0.011914
-5.850000 0.012274
-5.800000 0.012650
-5.750000 0.013042
-5.700000 0.013452
-5.650000 0.013880
-5.600000 0.014328
-5.550000 0.014798
-5.500000 0.015289
-5.450000 0.015805
-5.400000 0.016346
-5.350000 0.016915
-5.300000 0.017513
-5.250000 0.018142
-5.200000 0.018805
-5.150000 0.019504
-5.100000 0.020242
-5.050000 0.021023
-5.000000 0.021848
-4.950000 0.022723
-4.900000 0.023651
-4.850000 0.024636
-4.800000 0.025684
-4.750000 0.026799
-4.700000 0.027988
-4.650000 0.029257
-4.600000 0.030613
-4.550000 0.032063
-4.500000 0.033616
-4.450000 0.035282
-4.400000 0.037069
-4.350000 0.038990
-4.300000 0.041056
-4.250000 0.043279
-4.200000 0.045674
-4.150000 0.048256
-4.100000 0.051040
-4.050000 0.054045
-4.000000 0.057288
-3.950000 0.060789
-3.900000 0.064569
-3.850000 0.068650
-3.800000 0.073055
-3.750000 0.077808
-3.700000 0.082935
-3.650000 0.088460
-3.600000 0.094412
-3.550000 0.100816
-3.500000 0.107701
-3.450000 0.115094
-3.400000 0.123022
-3.350000 0.131511
-3.300000 0.140587
-3.250000 0.150275
-3.200000 0.160596
-3.150000 0.171571
-3.100000 0.183216
-3.050000 0.195546
-3.000000 0.208570
-2.950000 0.222293
-2.900000 0.236716
-2.850000 0.251833
-2.800000 0.267632
-2.750000 0.284094
-2.700000 0.301194
-2.650000 0.318898
-2.600000 0.337164
-2.550000 0.355942
-2.500000 0.375172
-2.450000 0.394789
-2.400000 0.414713
-2.350000 0.434862
-2.300000 0.455140
-2.250000 0.475447
-2.200000 0.495672
-2.150000 0.515701
-2.100000 0.535409
-2.050000 0.554669
-2.000000 0.573351
-1.950000 0.591318
-1.900000 0.608433
-1.850000 0.624561
-1.800000 0.639564
-1.750000 0.653309
-1.700000 0.665666
-1.650000 0.676509
-1.600000 0.685722
-1.550000 0.693193
-1.500000 0.698823
-1.450000 0.702520
-1.400000 0.704207
-1.350000 0.703816
-1.300000 0.701295
-1.250000 0.696604
-1.200000 0.689716
-1.150000 0.680621
-1.100000 0.669321
-1.050000 0.655830
-1.000000 0.640180
-0.950000 0.622411
-0.900000 0.602577
-0.850000 0.580745
-0.800000 0.556988
-0.750000 0.531391
-0.700000 0.504047
-0.650000 0.475055
-0.600000 0.444520
-0.550000 0.412551
-0.500000 0.379262
-0.450000 0.344770
-0.400000 0.309194
-0.350000 0.272652
-0.300000 0.235267
-0.250000 0.197158
-0.200000 0.158448
-0.150000 0.119256
-0.100000 0.079704
-0.050000 0.039912
0.000000 -0.000000
0.050000 -0.039912
0.100000 -0.079704
0.150000 -0.119256
0.200000 -0.158448
0.250000 -0.197158
0.300000 -0.235267
0.350000 -0.272652
0.400000 -0.309194
0.450000 -0.344770
0.500000 -0.379262
0.550000 -0.412551
0.600000 -0.444520
0.650000 -0.475055
0.700000 -0.504047
0.750000 -0.531391
0.800000 -0.556988
0.850000 -0.580745
0.900000 -0.602577
0.950000 -0.622411
1.000000 -0.640180
1.050000 -0.655830
1.100000 -0.669321
1.150000 -0.680621
1.200000 -0.689716
1.250000 -0.696604
1.300000 -0.701295
1.350000 -0.703816
1.400000 -0.704207
1.450000 -0.702520
1.500000 -0.698823
1.550000 -0.693193
1.600000 -0.685722
1.650000 -0.676509
1.700000 -0.665666
1.750000 -0.653309
1.800000 -0.639564
1.850000 -0.624561
1.900000 -0.608433
1.950000 -0.591318
2.000000 -0.573351
2.050000 -0.554669
2.100000 -0.535409
2.150000 -0.515701
2.200000 -0.495672
2.250000 -0.475447
2.300000 -0.455140
2.350000 -0.434862
2.400000 -0.414713
2.450000 -0.394789
2.500000 -0.375172
2.550000 -0.355942
2.600000 -0.337164
2.650000 -0.318898
2.700000 -0.301194
2.750000 -0.284094
2.800000 -0.267632
2.850000 -0.251833
2.900000 -0.236716
2.950000 -0.222293
3.000000 -0.208570
3.050000 -0.195546
3.100000 -0.183216
3.150000 -0.171571
3.200000 -0.160596
3.250000 -0.150275
3.300000 -0.140587
3.350000 -0.131511
3.400000 -0.123022
3.450000 -0.115094
3.500000 -0.107701
3.550000 -0.100816
3.600000 -0.094412
3.650000 -0.088460
3.700000 -0.082935
3.750000 -0.077808
3.800000 -0.073055
3.850000 -0.068650
3.900000 -0.064569
3.950000 -0.060789
4.000000 -0.057288
4.050000 -0.054045
4.100000 -0.051040
4.150000 -0.048256
4.200000 -0.045674
4.250000 -0.043279
4.300000 -0.041056
4.350000 -0.038990
4.400000 -0.037069
4.450000 -0.035282
4.500000 -0.033616
4.550000 -0.032063
4.600000 -0.030613
4.650000 -0.029257
4.700000 -0.027988
4.750000 -0.026799
4.800000 -0.025684
4.850000 -0.024636
4.900000 -0.023651
4.950000 -0.022723
5.000000 -0.021848
5.050000 -0.021023
5.100000 -0.020242
5.150000 -0.019504
5.200000 -0.018805
5.250000 -0.018142
5.300000 -0.017513
5.350000 -0.016915
5.400000 -0.016346
5.450000 -0.015805
5.500000 -0.015289
5.550000 -0.014798
5.600000 -0.014328
5.650000 -0.013880
5.700000 -0.013452
5.750000 -0.013042
5.800000 -0.012650
5.850000 -0.012274
5.900000 -0.011914
5.950000 -0.011568
6.000000 -0.011237
6.050000 -0.010919
6.100000 -0.010613
6.150000 -0.010319
6.200000 -0.010037
6.250000 -0.009765
6.300000 -0.009503
6.350000 -0.009251
6.400000 -0.009008
6.450000 -0.008774
6.500000 -0.008549
6.550000 -0.008331
6.600000 -0.008121
6.650000 -0.007918
6.700000 -0.007722
6.750000 -0.007533
6.800000 -0.007350
6.850000 -0.007173
6.900000 -0.007002
6.950000 -0.006836
7.000000 -0.006676
7.050000 -0.006521
7.100000 -0.006371
7.150000 -0.006225
7.200000 -0.006084
7.250000 -0.005948
7.300000 -0.005815
7.350000 -0.005687
7.400000 -0.005562
7.450000 -0.005441
7.500000 -0.005324
7.550000 -0.005210
7.600000 -0.005100
7.650000 -0.004992
7.700000 -0.004888
7.750000 -0.004787
7.800000 -0.004688
7.850000 -0.004592
7.900000 -0.004499
7.950000 -0.004409
8.000000 -0.004320
8.050000 -0.004235
8.100000 -0.004151
8.150000 -0.004070
8.200000 -0.003991
8.250000 -0.003914
8.300000 -0.003839
8.350000 -0.003766
8.400000 -0.003695
8.450000 -0.003625
8.500000 -0.003558
8.550000 -0.003492
8.600000 -0.003427
8.650000 -0.003365
8.700000 -0.003304
8.750000 -0.003244
8.800000 -0.003186
8.850000 -0.003129
8.900000 -0.003074
8.950000 -0.003019
9.000000 -0.002967
9.050000 -0.002915
9.100000 -0.002865
9.150000 -0.002816
9.200000 -0.002767
9.250000 -0.002721
9.300000 -0.002675
9.350000 -0.002630
9.400000 -0.002586
9.450000 -0.002543
9.500000 -0.002501
9.550000 -0.002460
9.600000 -0.002420
9.650000 -0.002381
9.700000 -0.002343
9.750000 -0.002305
9.800000 -0.002268
9.850000 -0.002232
9.900000 -0.002197
9.950000 -0.002163
