-10.000000 0.008470
-9.950000 0.008603
-9.900000 0.008740
-9.850000 0.008879
-9.800000 0.009021
-9.750000 0.009167
-9.700000 0.009315
-9.650000 0.009467
-9.600000 0.009622
-9.550000 0.009781
-9.500000 0.009943
-9.450000 0.010109
-9.400000 0.010278
-9.350000 0.010452
-9.300000 0.010629
-9.250000 0.010811
-9.200000 0.010996
-9.150000 0.011186
-9.100000 0.011381
-9.050000 0.011580
-9.000000 0.011784
-8.950000 0.011993
-8.900000 0.012206
-8.850000 0.012425
-8.800000 0.012650
-8.750000 0.012879
-8.700000 0.013115
-8.650000 0.013356
-8.600000 0.013604
-8.550000 0.013857
-8.500000 0.014117
-8.450000 0.014384
-8.400000 0.014658
-8.350000 0.014938
-8.300000 0.015226
-8.250000 0.015522
-8.200000 0.015825
-8.150000 0.016137
-8.100000 0.016457
-8.050000 0.016785
-8.000000 0.017123
-7.950000 0.017470
-7.900000 0.017826
-7.850000 0.018193
-7.800000 0.018569
-7.750000 0.018957
-7.700000 0.019355
-7.650000 0.019765
-7.600000 0.020187
-7.550000 0.020621
-7.500000 0.021068
-7.450000 0.021529
-7.400000 0.022003
-7.350000 0.022491
-7.300000 0.022995
-7.250000 0.023514
-7.200000 0.024049
-7.150000 0.024600
-7.100000 0.025170
-7.050000 0.025757
-7.000000 0.026363
-6.950000 0.026989
-6.900000 0.027636
-6.850000 0.028304
-6.800000 0.028994
-6.750000 0.029708
-6.700000 0.030446
-6.650000 0.031209
-6.600000 0.031999
-6.550000 0.032816
-6.500000 0.033663
-6.450000 0.034540
-6.400000 0.035449
-6.350000 0.036391
-6.300000 0.037368
-6.250000 0.038382
-6.200000 0.039433
-6.150000 0.040526
-6.100000 0.041660
-6.050000 0.042839
-6.000000 0.044065
-5.950000 0.045340
-5.900000 0.046667
-5.850000 0.048048
-5.800000 0.049487
-5.750000 0.050986
-5.700000 0.052550
-5.650000 0.054181
-5.600000 0.055883
-5.550000 0.057660
-5.500000 0.059517
-5.450000 0.061458
-5.400000 0.063488
-5.350000 0.065613
-5.300000 0.067837
-5.250000 0.070167
-5.200000 0.072609
-5.150000 0.075169
-5.100000 0.077855
-5.050000 0.080674
-5.000000 0.083634
-4.950000 0.086742
-4.900000 0.090009
-4.850000 0.093442
-4.800000 0.097050
-4.750000 0.100845
-4.700000 0.104836
-4.650000 0.109033
-4.600000 0.113447
-4.550000 0.118088
-4.500000 0.122968
-4.450000 0.128098
-4.400000 0.133487
-4.350000 0.139146
-4.300000 0.145084
-4.250000 0.151312
-4.200000 0.157836
-4.150000 0.164663
-4.100000 0.171799
-4.050000 0.179247
-4.000000 0.187008
-3.950000 0.195080
-3.900000 0.203459
-3.850000 0.212136
-3.800000 0.221099
-3.750000 0.230331
-3.700000 0.239811
-3.650000 0.249510
-3.600000 0.259394
-3.550000 0.269424
-3.500000 0.279550
-3.450000 0.289717
-3.400000 0.299860
-3.350000 0.309907
-3.300000 0.319776
-3.250000 0.329375
-3.200000 0.338604
-3.150000 0.347351
-3.100000 0.355496
-3.050000 0.362910
-3.000000 0.369456
-2.950000 0.374986
-2.900000 0.379348
-2.850000 0.382381
-2.800000 0.383920
-2.750000 0.383798
-2.700000 0.381844
-2.650000 0.377890
-2.600000 0.371767
-2.550000 0.363316
-2.500000 0.352380
-2.450000 0.338819
-2.400000 0.322502
-2.350000 0.303316
-2.300000 0.281170
-2.250000 0.255993
-2.200000 0.227744
-2.150000 0.196408
-2.100000 0.162006
-2.050000 0.124591
-2.000000 0.084255
-1.950000 0.041130
-1.900000 -0.004611
-1.850000 -0.052755
-1.800000 -0.103042
-1.750000 -0.155174
-1.700000 -0.208808
-1.650000 -0.263561
-1.600000 -0.319014
-1.550000 -0.374711
-1.500000 -0.430164
-1.450000 -0.484859
-1.400000 -0.538261
-1.350000 -0.589817
-1.300000 -0.638967
-1.250000 -0.685146
-1.200000 -0.727795
-1.150000 -0.766368
-1.100000 -0.800337
-1.050000 -0.829205
-1.000000 -0.852510
-0.950000 -0.869834
-0.900000 -0.880812
-0.850000 -0.885135
-0.800000 -0.882560
-0.750000 -0.872914
-0.700000 -0.856098
-0.650000 -0.832092
-0.600000 -0.800957
-0.550000 -0.762836
-0.500000 -0.717955
-0.450000 -0.666620
-0.400000 -0.609217
-0.350000 -0.546208
-0.300000 -0.478125
-0.250000 -0.405563
-0.200000 -0.329176
-0.150000 -0.249668
-0.100000 -0.167783
-0.050000 -0.084295
0.000000 0.000000
0.050000 0.084295
0.100000 0.167783
0.150000 0.249668
0.200000 0.329176
0.250000 0.405563
0.300000 0.478125
0.350000 0.546208
0.400000 0.609217
0.450000 0.666620
0.500000 0.717955
0.550000 0.762836
0.600000 0.800957
0.650000 0.832092
0.700000 0.856098
0.750000 0.872914
0.800000 0.882560
0.850000 0.885135
0.900000 0.880812
0.950000 0.869834
1.000000 0.852510
1.050000 0.829205
1.100000 0.800337
1.150000 0.766368
1.200000 0.727795
1.250000 0.685146
1.300000 0.638967
1.350000 0.589817
1.400000 0.538261
1.450000 0.484859
1.500000 0.430164
1.550000 0.374711
1.600000 0.319014
1.650000 0.263561
1.700000 0.208808
1.750000 0.155174
1.800000 0.103042
1.850000 0.052755
1.900000 0.004611
1.950000 -0.041130
2.000000 -0.084255
2.050000 -0.124591
2.100000 -0.162006
2.150000 -0.196408
2.200000 -0.227744
2.250000 -0.255993
2.300000 -0.281170
2.350000 -0.303316
2.400000 -0.322502
2.450000 -0.338819
2.500000 -0.352380
2.550000 -0.363316
2.600000 -0.371767
2.650000 -0.377890
2.700000 -0.381844
2.750000 -0.383798
2.800000 -0.383920
2.850000 -0.382381
2.900000 -0.379348
2.950000 -0.374986
3.000000 -0.369456
3.050000 -0.362910
3.100000 -0.355496
3.150000 -0.347351
3.200000 -0.338604
3.250000 -0.329375
3.300000 -0.319776
3.350000 -0.309907
3.400000 -0.299860
3.450000 -0.289717
3.500000 -0.279550
3.550000 -0.269424
3.600000 -0.259394
3.650000 -0.249510
3.700000 -0.239811
3.750000 -0.230331
3.800000 -0.221099
3.850000 -0.212136
3.900000 -0.203459
3.950000 -0.195080
4.000000 -0.187008
4.050000 -0.179247
4.100000 -0.171799
4.150000 -0.164663
4.200000 -0.157836
4.250000 -0.151312
4.300000 -0.145084
4.350000 -0.139146
4.400000 -0.133487
4.450000 -0.128098
4.500000 -0.122968
4.550000 -0.118088
4.600000 -0.113447
4.650000 -0.109033
4.700000 -0.104836
4.750000 -0.100845
4.800000 -0.097050
4.850000 -0.093442
4.900000 -0.090009
4.950000 -0.086742
5.000000 -0.083634
5.050000 -0.080674
5.100000 -0.077855
5.150000 -0.075169
5.200000 -0.072609
5.250000 -0.070167
5.300000 -0.067837
5.350000 -0.065613
5.400000 -0.063488
5.450000 -0.061458
5.500000 -0.059517
5.550000 -0.057660
5.600000 -0.055883
5.650000 -0.054181
5.700000 -0.052550
5.750000 -0.050986
5.800000 -0.049487
5.850000 -0.048048
5.900000 -0.046667
5.950000 -0.045340
6.000000 -0.044065
6.050000 -0.042839
6.100000 -0.041660
6.150000 -0.040526
6.200000 -0.039433
6.250000 -0.038382
6.300000 -0.037368
6.350000 -0.036391
6.400000 -0.035449
6.450000 -0.034540
6.500000 -0.033663
6.550000 -0.032816
6.600000 -0.031999
6.650000 -0.031209
6.700000 -0.030446
6.750000 -0.029708
6.800000 -0.028994
6.850000 -0.028304
6.900000 -0.027636
6.950000 -0.026989
7.000000 -0.026363
7.050000 -0.025757
7.100000 -0.025170
7.150000 -0.024600
7.200000 -0.024049
7.250000 -0.023514
7.300000 -0.022995
7.350000 -0.022491
7.400000 -0.022003
7.450000 -0.021529
7.500000 -0.021068
7.550000 -0.020621
7.600000 -0.020187
7.650000 -0.019765
7.700000 -0.019355
7.750000 -0.018957
7.800000 -0.018569
7.850000 -0.018193
7.900000 -0.017826
7.950000 -0.017470
8.000000 -0.017123
8.050000 -0.016785
8.100000 -0.016457
8.150000 -0.016137
8.200000 -0.015825
8.250000 -0.015522
8.300000 -0.015226
8.350000 -0.014938
8.400000 -0.014658
8.450000 -0.014384
8.500000 -0.014117
8.550000 -0.013857
8.600000 -0.013604
8.650000 -0.013356
8.700000 -0.013115
8.750000 -0.012879
8.800000 -0.012650
8.850000 -0.012425
8.900000 -0.012206
8.950000 -0.011993
9.000000 -0.011784
9.050000 -0.011580
9.100000 -0.011381
9.150000 -0.011186
9.200000 -0.010996
9.250000 -0.010811
9.300000 -0.010629
9.350000 -0.010452
9.400000 -0.010278
9.450000 -0.010109
9.500000 -0.009943
9.550000 -0.009781
9.600000 -0.009622
9.650000 -0.009467
9.700000 -0.009315
9.750000 -0.009167
9.800000 -0.009021
9.850000 -0.008879
9.900000 -0.008740
9.950000 -0.008603
