-10.000000 0.000000
-9.950000 0.000000
-9.900000 0.000000
-9.850000 0.000000
-9.800000 0.000000
-9.750000 0.000000
-9.700000 0.000000
-9.650000 0.000000
-9.600000 0.000000
-9.550000 0.000000
-9.500000 0.000000
-9.450000 0.000000
-9.400000 0.000000
-9.350000 0.000000
-9.300000 0.000000
-9.250000 0.000000
-9.200000 0.000000
-9.150000 0.000000
-9.100000 0.000000
-9.050000 0.000000
-9.000000 0.000000
-8.950000 0.000000
-8.900000 0.000000
-8.850000 0.000000
-8.800000 0.000000
-8.750000 0.000000
-8.700000 0.000000
-8.650000 0.000000
-8.600000 0.000000
-8.550000 0.000000
-8.500000 0.000000
-8.450000 0.000000
-8.400000 0.000000
-8.350000 0.000000
-8.300000 0.000000
-8.250000 0.000000
-8.200000 0.000000
-8.150000 0.000000
-8.100000 0.000000
-8.050000 0.000000
-8.000000 0.000000
-7.950000 0.000000
-7.900000 0.000000
-7.850000 0.000000
-7.800000 0.000000
-7.750000 0.000000
-7.700000 0.000000
-7.650000 0.000000
-7.600000 0.000000
-7.550000 0.000000
-7.500000 0.000000
-7.450000 0.000000
-7.400000 0.000000
-7.350000 0.000000
-7.300000 0.000000
-7.250000 0.000000
-7.200000 0.000000
-7.150000 0.000000
-7.100000 0.000000
-7.050000 0.000000
-7.000000 0.000000
-6.950000 0.000000
-6.900000 0.000000
-6.850000 0.000000
-6.800000 0.000000
-6.750000 0.000000
-6.700000 0.000000
-6.650000 0.000000
-6.600000 0.000000
-6.550000 0.000000
-6.500000 0.000000
-6.450000 0.000000
-6.400000 0.000000
-6.350000 0.000000
-6.300000 0.000000
-6.250000 0.000000
-6.200000 0.000000
-6.150000 0.000000
-6.100000 0.000000
-6.050000 0.000000
-6.000000 0.000000
-5.950000 0.000000
-5.900000 0.000000
-5.850000 0.000001
-5.800000 0.000001
-5.750000 0.000001
-5.700000 0.000001
-5.650000 0.000002
-5.600000 0.000002
-5.550000 0.000003
-5.500000 0.000004
-5.450000 0.000005
-5.400000 0.000006
-5.350000 0.000008
-5.300000 0.000011
-5.250000 0.000014
-5.200000 0.000018
-5.150000 0.000022
-5.100000 0.000029
-5.050000 0.000037
-5.000000 0.000047
-4.950000 0.000059
-4.900000 0.000075
-4.850000 0.000095
-4.800000 0.000119
-4.750000 0.000150
-4.700000 0.000188
-4.650000 0.000235
-4.600000 0.000293
-4.550000 0.000364
-4.500000 0.000452
-4.450000 0.000559
-4.400000 0.000690
-4.350000 0.000848
-4.300000 0.001041
-4.250000 0.001274
-4.200000 0.001556
-4.150000 0.001894
-4.100000 0.002300
-4.050000 0.002785
-4.000000 0.003364
-3.950000 0.004052
-3.900000 0.004868
-3.850000 0.005833
-3.800000 0.006971
-3.750000 0.008308
-3.700000 0.009875
-3.650000 0.011707
-3.600000 0.013841
-3.550000 0.016320
-3.500000 0.019191
-3.450000 0.022507
-3.400000 0.026324
-3.350000 0.030704
-3.300000 0.035717
-3.250000 0.041434
-3.200000 0.047935
-3.150000 0.055304
-3.100000 0.063631
-3.050000 0.073009
-3.000000 0.083539
-2.950000 0.095321
-2.900000 0.108463
-2.850000 0.123071
-2.800000 0.139256
-2.750000 0.157126
-2.700000 0.176787
-2.650000 0.198344
-2.600000 0.221895
-2.550000 0.247531
-2.500000 0.275334
-2.450000 0.305372
-2.400000 0.337702
-2.350000 0.372359
-2.300000 0.409363
-2.250000 0.448709
-2.200000 0.490366
-2.150000 0.534276
-2.100000 0.580350
-2.050000 0.628467
-2.000000 0.678470
-1.950000 0.730167
-1.900000 0.783325
-1.850000 0.837674
-1.800000 0.892905
-1.750000 0.948668
-1.700000 1.004577
-1.650000 1.060206
-1.600000 1.115097
-1.550000 1.168760
-1.500000 1.220674
-1.450000 1.270298
-1.400000 1.317071
-1.350000 1.360419
-1.300000 1.399762
-1.250000 1.434522
-1.200000 1.464127
-1.150000 1.488025
-1.100000 1.505685
-1.050000 1.516611
-1.000000 1.520346
-0.950000 1.516484
-0.900000 1.504676
-0.850000 1.484635
-0.800000 1.456148
-0.750000 1.419076
-0.700000 1.373364
-0.650000 1.319041
-0.600000 1.256226
-0.550000 1.185128
-0.500000 1.106045
-0.450000 1.019365
-0.400000 0.925563
-0.350000 0.825196
-0.300000 0.718899
-0.250000 0.607376
-0.200000 0.491398
-0.150000 0.371788
-0.100000 0.249412
-0.050000 0.125175
0.000000 -0.000000
0.050000 -0.125175
0.100000 -0.249412
0.150000 -0.371788
0.200000 -0.491398
0.250000 -0.607376
0.300000 -0.718899
0.350000 -0.825196
0.400000 -0.925563
0.450000 -1.019365
0.500000 -1.106045
0.550000 -1.185128
0.600000 -1.256226
0.650000 -1.319041
0.700000 -1.373364
0.750000 -1.419076
0.800000 -1.456148
0.850000 -1.484635
0.900000 -1.504676
0.950000 -1.516484
1.000000 -1.520346
1.050000 -1.516611
1.100000 -1.505685
1.150000 -1.488025
1.200000 -1.464127
1.250000 -1.434522
1.300000 -1.399762
1.350000 -1.360419
1.400000 -1.317071
1.450000 -1.270298
1.500000 -1.220674
1.550000 -1.168760
1.600000 -1.115097
1.650000 -1.060206
1.700000 -1.004577
1.750000 -0.948668
1.800000 -0.892905
1.850000 -0.837674
1.900000 -0.783325
1.950000 -0.730167
2.000000 -0.678470
2.050000 -0.628467
2.100000 -0.580350
2.150000 -0.534276
2.200000 -0.490366
2.250000 -0.448709
2.300000 -0.409363
2.350000 -0.372359
2.400000 -0.337702
2.450000 -0.305372
2.500000 -0.275334
2.550000 -0.247531
2.600000 -0.221895
2.650000 -0.198344
2.700000 -0.176787
2.750000 -0.157126
2.800000 -0.139256
2.850000 -0.123071
2.900000 -0.108463
2.950000 -0.095321
3.000000 -0.083539
3.050000 -0.073009
3.100000 -0.063631
3.150000 -0.055304
3.200000 -0.047935
3.250000 -0.041434
3.300000 -0.035717
3.350000 -0.030704
3.400000 -0.026324
3.450000 -0.022507
3.500000 -0.019191
3.550000 -0.016320
3.600000 -0.013841
3.650000 -0.011707
3.700000 -0.009875
3.750000 -0.008308
3.800000 -0.006971
3.850000 -0.005833
3.900000 -0.004868
3.950000 -0.004052
4.000000 -0.003364
4.050000 -0.002785
4.100000 -0.002300
4.150000 -0.001894
4.200000 -0.001556
4.250000 -0.001274
4.300000 -0.001041
4.350000 -0.000848
4.400000 -0.000690
4.450000 -0.000559
4.500000 -0.000452
4.550000 -0.000364
4.600000 -0.000293
4.650000 -0.000235
4.700000 -0.000188
4.750000 -0.000150
4.800000 -0.000119
4.850000 -0.000095
4.900000 -0.000075
4.950000 -0.000059
5.000000 -0.000047
5.050000 -0.000037
5.100000 -0.000029
5.150000 -0.000022
5.200000 -0.000018
5.250000 -0.000014
5.300000 -0.000011
5.350000 -0.000008
5.400000 -0.000006
5.450000 -0.000005
5.500000 -0.000004
5.550000 -0.000003
5.600000 -0.000002
5.650000 -0.000002
5.700000 -0.000001
5.750000 -0.000001
5.800000 -0.000001
5.850000 -0.000001
5.900000 -0.000000
5.950000 -0.000000
6.000000 -0.000000
6.050000 -0.000000
6.100000 -0.000000
6.150000 -0.000000
6.200000 -0.000000
6.250000 -0.000000
6.300000 -0.000000
6.350000 -0.000000
6.400000 -0.000000
6.450000 -0.000000
6.500000 -0.000000
6.550000 -0.000000
6.600000 -0.000000
6.650000 -0.000000
6.700000 -0.000000
6.750000 -0.000000
6.800000 -0.000000
6.850000 -0.000000
6.900000 -0.000000
6.950000 -0.000000
7.000000 -0.000000
7.050000 -0.000000
7.100000 -0.000000
7.150000 -0.000000
7.200000 -0.000000
7.250000 -0.000000
7.300000 -0.000000
7.350000 -0.000000
7.400000 -0.000000
7.450000 -0.000000
7.500000 -0.000000
7.550000 -0.000000
7.600000 -0.000000
7.650000 -0.000000
7.700000 -0.000000
7.750000 -0.000000
7.800000 -0.000000
7.850000 -0.000000
7.900000 -0.000000
7.950000 -0.000000
8.000000 -0.000000
8.050000 -0.000000
8.100000 -0.000000
8.150000 -0.000000
8.200000 -0.000000
8.250000 -0.000000
8.300000 -0.000000
8.350000 -0.000000
8.400000 -0.000000
8.450000 -0.000000
8.500000 -0.000000
8.550000 -0.000000
8.600000 -0.000000
8.650000 -0.000000
8.700000 -0.000000
8.750000 -0.000000
8.800000 -0.000000
8.850000 -0.000000
8.900000 -0.000000
8.950000 -0.000000
9.000000 -0.000000
9.050000 -0.000000
9.100000 -0.000000
9.150000 -0.000000
9.200000 -0.000000
9.250000 -0.000000
9.300000 -0.000000
9.350000 -0.000000
9.400000 -0.000000
9.450000 -0.000000
9.500000 -0.000000
9.550000 -0.000000
9.600000 -0.000000
9.650000 -0.000000
9.700000 -0.000000
9.750000 -0.000000
9.800000 -0.000000
9.850000 -0.000000
9.900000 -0.000000
9.950000 -0.000000
