-10.000000 0.000000
-9.950000 0.000000
-9.900000 0.000000
-9.850000 0.000000
-9.800000 0.000000
-9.750000 0.000000
-9.700000 0.000000
-9.650000 0.000000
-9.600000 0.000000
-9.550000 0.000000
-9.500000 0.000000
-9.450000 0.000000
-9.400000 0.000000
-9.350000 0.000000
-9.300000 0.000000
-9.250000 0.000000
-9.200000 0.000000
-9.150000 0.000000
-9.100000 0.000000
-9.050000 0.000000
-9.000000 0.000000
-8.950000 0.000000
-8.900000 0.000000
-8.850000 0.000000
-8.800000 0.000000
-8.750000 0.000000
-8.700000 0.000000
-8.650000 0.000000
-8.600000 0.000000
-8.550000 0.000000
-8.500000 0.000000
-8.450000 0.000000
-8.400000 0.000000
-8.350000 0.000000
-8.300000 0.000000
-8.250000 0.000000
-8.200000 0.000000
-8.150000 0.000000
-8.100000 0.000000
-8.050000 0.000000
-8.000000 0.000000
-7.950000 0.000000
-7.900000 0.000000
-7.850000 0.000000
-7.800000 0.000000
-7.750000 0.000000
-7.700000 0.000000
-7.650000 0.000000
-7.600000 0.000001
-7.550000 0.000001
-7.500000 0.000001
-7.450000 0.000001
-7.400000 0.000001
-7.350000 0.000001
-7.300000 0.000001
-7.250000 0.000001
-7.200000 0.000001
-7.150000 0.000001
-7.100000 0.000001
-7.050000 0.000001
-7.000000 0.000001
-6.950000 0.000001
-6.900000 0.000001
-6.850000 0.000001
-6.800000 0.000001
-6.750000 0.000001
-6.700000 0.000001
-6.650000 0.000001
-6.600000 0.000001
-6.550000 0.000001
-6.500000 0.000001
-6.450000 0.000001
-6.400000 0.000001
-6.350000 0.000001
-6.300000 0.000001
-6.250000 0.000001
-6.200000 0.000001
-6.150000 0.000001
-6.100000 0.000001
-6.050000 0.000001
-6.000000 0.000001
-5.950000 0.000001
-5.900000 0.000002
-5.850000 0.000002
-5.800000 0.000002
-5.750000 0.000002
-5.700000 0.000003
-5.650000 0.000003
-5.600000 0.000004
-5.550000 0.000004
-5.500000 0.000005
-5.450000 0.000006
-5.400000 0.000008
-5.350000 0.000010
-5.300000 0.000012
-5.250000 0.000015
-5.200000 0.000019
-5.150000 0.000024
-5.100000 0.000031
-5.050000 0.000039
-5.000000 0.000049
-4.950000 0.000062
-4.900000 0.000077
-4.850000 0.000097
-4.800000 0.000122
-4.750000 0.000153
-4.700000 0.000191
-4.650000 0.000238
-4.600000 0.000296
-4.550000 0.000368
-4.500000 0.000455
-4.450000 0.000562
-4.400000 0.000693
-4.350000 0.000852
-4.300000 0.001045
-4.250000 0.001279
-4.200000 0.001560
-4.150000 0.001899
-4.100000 0.002304
-4.050000 0.002790
-4.000000 0.003369
-3.950000 0.004058
-3.900000 0.004874
-3.850000 0.005840
-3.800000 0.006978
-3.750000 0.008315
-3.700000 0.009883
-3.650000 0.011715
-3.600000 0.013850
-3.550000 0.016329
-3.500000 0.019201
-3.450000 0.022517
-3.400000 0.026334
-3.350000 0.030715
-3.300000 0.035728
-3.250000 0.041446
-3.200000 0.047948
-3.150000 0.055317
-3.100000 0.063644
-3.050000 0.073023
-3.000000 0.083553
-2.950000 0.095336
-2.900000 0.108478
-2.850000 0.123087
-2.800000 0.139271
-2.750000 0.157141
-2.700000 0.176802
-2.650000 0.198359
-2.600000 0.221910
-2.550000 0.247546
-2.500000 0.275347
-2.450000 0.305385
-2.400000 0.337713
-2.350000 0.372369
-2.300000 0.409371
-2.250000 0.448715
-2.200000 0.490370
-2.150000 0.534277
-2.100000 0.580348
-2.050000 0.628462
-2.000000 0.678462
-1.950000 0.730155
-1.900000 0.783309
-1.850000 0.837654
-1.800000 0.892881
-1.750000 0.948639
-1.700000 1.004543
-1.650000 1.060167
-1.600000 1.115053
-1.550000 1.168710
-1.500000 1.220619
-1.450000 1.270237
-1.400000 1.317005
-1.350000 1.360347
-1.300000 1.399686
-1.250000 1.434441
-1.200000 1.464042
-1.150000 1.487935
-1.100000 1.505592
-1.050000 1.516514
-1.000000 1.520247
-0.950000 1.516383
-0.900000 1.504573
-0.850000 1.484532
-0.800000 1.456045
-0.750000 1.418974
-0.700000 1.373264
-0.650000 1.318944
-0.600000 1.256133
-0.550000 1.185039
-0.500000 1.105961
-0.450000 1.019287
-0.400000 0.925492
-0.350000 0.825132
-0.300000 0.718843
-0.250000 0.607329
-0.200000 0.491360
-0.150000 0.371758
-0.100000 0.249393
-0.050000 0.125165
0.000000 -0.000000
0.050000 -0.125165
0.100000 -0.249393
0.150000 -0.371758
0.200000 -0.491360
0.250000 -0.607329
0.300000 -0.718843
0.350000 -0.825132
0.400000 -0.925492
0.450000 -1.019287
0.500000 -1.105961
0.550000 -1.185039
0.600000 -1.256133
0.650000 -1.318944
0.700000 -1.373264
0.750000 -1.418974
0.800000 -1.456045
0.850000 -1.484532
0.900000 -1.504573
0.950000 -1.516383
1.000000 -1.520247
1.050000 -1.516514
1.100000 -1.505592
1.150000 -1.487935
1.200000 -1.464042
1.250000 -1.434441
1.300000 -1.399686
1.350000 -1.360347
1.400000 -1.317005
1.450000 -1.270237
1.500000 -1.220619
1.550000 -1.168710
1.600000 -1.115053
1.650000 -1.060167
1.700000 -1.004543
1.750000 -0.948639
1.800000 -0.892881
1.850000 -0.837654
1.900000 -0.783309
1.950000 -0.730155
2.000000 -0.678462
2.050000 -0.628462
2.100000 -0.580348
2.150000 -0.534277
2.200000 -0.490370
2.250000 -0.448715
2.300000 -0.409371
2.350000 -0.372369
2.400000 -0.337713
2.450000 -0.305385
2.500000 -0.275347
2.550000 -0.247546
2.600000 -0.221910
2.650000 -0.198359
2.700000 -0.176802
2.750000 -0.157141
2.800000 -0.139271
2.850000 -0.123087
2.900000 -0.108478
2.950000 -0.095336
3.000000 -0.083553
3.050000 -0.073023
3.100000 -0.063644
3.150000 -0.055317
3.200000 -0.047948
3.250000 -0.041446
3.300000 -0.035728
3.350000 -0.030715
3.400000 -0.026334
3.450000 -0.022517
3.500000 -0.019201
3.550000 -0.016329
3.600000 -0.013850
3.650000 -0.011715
3.700000 -0.009883
3.750000 -0.008315
3.800000 -0.006978
3.850000 -0.005840
3.900000 -0.004874
3.950000 -0.004058
4.000000 -0.003369
4.050000 -0.002790
4.100000 -0.002304
4.150000 -0.001899
4.200000 -0.001560
4.250000 -0.001279
4.300000 -0.001045
4.350000 -0.000852
4.400000 -0.000693
4.450000 -0.000562
4.500000 -0.000455
4.550000 -0.000368
4.600000 -0.000296
4.650000 -0.000238
4.700000 -0.000191
4.750000 -0.000153
4.800000 -0.000122
4.850000 -0.000097
4.900000 -0.000077
4.950000 -0.000062
5.000000 -0.000049
5.050000 -0.000039
5.100000 -0.000031
5.150000 -0.000024
5.200000 -0.000019
5.250000 -0.000015
5.300000 -0.000012
5.350000 -0.000010
5.400000 -0.000008
5.450000 -0.000006
5.500000 -0.000005
5.550000 -0.000004
5.600000 -0.000004
5.650000 -0.000003
5.700000 -0.000003
5.750000 -0.000002
5.800000 -0.000002
5.850000 -0.000002
5.900000 -0.000002
5.950000 -0.000001
6.000000 -0.000001
6.050000 -0.000001
6.100000 -0.000001
6.150000 -0.000001
6.200000 -0.000001
6.250000 -0.000001
6.300000 -0.000001
6.350000 -0.000001
6.400000 -0.000001
6.450000 -0.000001
6.500000 -0.000001
6.550000 -0.000001
6.600000 -0.000001
6.650000 -0.000001
6.700000 -0.000001
6.750000 -0.000001
6.800000 -0.000001
6.850000 -0.000001
6.900000 -0.000001
6.950000 -0.000001
7.000000 -0.000001
7.050000 -0.000001
7.100000 -0.000001
7.150000 -0.000001
7.200000 -0.000001
7.250000 -0.000001
7.300000 -0.000001
7.350000 -0.000001
7.400000 -0.000001
7.450000 -0.000001
7.500000 -0.000001
7.550000 -0.000001
7.600000 -0.000001
7.650000 -0.000000
7.700000 -0.000000
7.750000 -0.000000
7.800000 -0.000000
7.850000 -0.000000
7.900000 -0.000000
7.950000 -0.000000
8.000000 -0.000000
8.050000 -0.000000
8.100000 -0.000000
8.150000 -0.000000
8.200000 -0.000000
8.250000 -0.000000
8.300000 -0.000000
8.350000 -0.000000
8.400000 -0.000000
8.450000 -0.000000
8.500000 -0.000000
8.550000 -0.000000
8.600000 -0.000000
8.650000 -0.000000
8.700000 -0.000000
8.750000 -0.000000
8.800000 -0.000000
8.850000 -0.000000
8.900000 -0.000000
8.950000 -0.000000
9.000000 -0.000000
9.050000 -0.000000
9.100000 -0.000000
9.150000 -0.000000
9.200000 -0.000000
9.250000 -0.000000
9.300000 -0.000000
9.350000 -0.000000
9.400000 -0.000000
9.450000 -0.000000
9.500000 -0.000000
9.550000 -0.000000
9.600000 -0.000000
9.650000 -0.000000
9.700000 -0.000000
9.750000 -0.000000
9.800000 -0.000000
9.850000 -0.000000
9.900000 -0.000000
9.950000 -0.000000
