0.000000 1.253321
10.000000 -0.019499
20.000000 -0.005144
30.000000 -0.002550
40.000000 -0.001942
50.000000 -0.001888
60.000000 -0.001999
70.000000 -0.001974
80.000000 -0.001649
90.000000 -0.000931
100.000000 0.000457
110.000000 0.001890
120.000000 0.003153
130.000000 0.003475
140.000000 0.002213
150.000000 -0.000553
160.000000 -0.003512
170.000000 -0.004709
180.000000 -0.002628
190.000000 0.002038
200.000000 0.005475
210.000000 0.004043
220.000000 -0.001965
230.000000 -0.006385
240.000000 -0.003369
250.000000 0.004541
260.000000 0.006671
270.000000 -0.001185
280.000000 -0.007856
290.000000 -0.001467
300.000000 0.008087
310.000000 0.002765
320.000000 -0.008527
330.000000 -0.002438
340.000000 0.009391
350.000000 0.000026
360.000000 -0.009878
370.000000 0.004526
380.000000 0.007725
390.000000 -0.009824
400.000000 -0.000622
410.000000 0.010572
420.000000 -0.009198
430.000000 -0.001369
440.000000 0.010862
450.000000 -0.011478
460.000000 0.003555
470.000000 0.006740
480.000000 -0.012957
490.000000 0.012334
500.000000 -0.006149
510.000000 -0.002339
520.000000 0.009607
530.000000 -0.013951
540.000000 0.014920
550.000000 -0.013027
560.000000 0.009302
570.000000 -0.005072
580.000000 0.000937
590.000000 0.002540
600.000000 -0.005265
610.000000 0.007171
620.000000 -0.008356
630.000000 0.008714
640.000000 -0.008358
650.000000 0.007130
660.000000 -0.004862
670.000000 0.001579
680.000000 0.002797
690.000000 -0.008042
700.000000 0.013480
710.000000 -0.018000
720.000000 0.019983
730.000000 -0.017916
740.000000 0.010656
750.000000 0.000815
760.000000 -0.013157
770.000000 0.020924
780.000000 -0.018769
790.000000 0.005903
800.000000 0.011776
810.000000 -0.022195
820.000000 0.015574
830.000000 0.005050
840.000000 -0.022069
850.000000 0.016828
860.000000 0.007651
870.000000 -0.023907
880.000000 0.009267
890.000000 0.019015
900.000000 -0.019635
910.000000 -0.011224
920.000000 0.023865
930.000000 0.005985
940.000000 -0.025151
950.000000 -0.005705
960.000000 0.025218
970.000000 0.010072
980.000000 -0.022688
990.000000 -0.018672
